0.0 1.0000000000000002 0.9999999999999997
0.015015015015015015 1.0000002109170183 0.9999997890829805
0.03003003003003003 1.000001053043332 0.9999989469566677
0.04504504504504504 1.0000029420571985 0.9999970579428004
0.06006006006006006 1.0000062859843306 0.9999937140156686
0.07507507507507508 1.0000114822152897 0.99998851778471
0.09009009009009009 1.0000189146006186 0.9999810853993809
0.10510510510510511 1.0000289506449365 0.9999710493550633
0.12012012012012012 1.000041938820504 0.9999580611794963
0.13513513513513514 1.0000582060199015 0.999941793980099
0.15015015015015015 1.0000780551664388 0.9999219448335611
0.16516516516516516 1.0001017629997682 0.9998982370002327
0.18018018018018017 1.0001295780528845 0.999870421947117
0.19519519519519518 1.0001617188353162 0.9998382811646853
0.21021021021021022 1.000198372235784 0.9998016277642182
0.22522522522522523 1.0002396921560115 0.9997603078439904
0.24024024024024024 1.000285798385692 0.99971420161431
0.2552552552552553 1.0003367757268289 0.9996632242731727
0.2702702702702703 1.0003926733738768 0.999607326626125
0.2852852852852853 1.000453504554213 0.9995464954457894
0.3003003003003003 1.0005192464315866 0.9994807535684163
0.3153153153153153 1.0005898402732596 0.9994101597267435
0.3303303303303303 1.0006651918796305 0.9993348081203728
0.3453453453453454 1.000745172273211 0.999254827726792
0.36036036036036034 1.0008296186419336 0.9991703813580696
0.3753753753753754 1.0009183355298994 0.9990816644701037
0.39039039039039036 1.0010110962668792 0.998988903733124
0.40540540540540543 1.0011076446261193 0.9988923553738838
0.42042042042042044 1.0012076966983443 0.9987923033016584
0.43543543543543545 1.001310942968262 0.9986890570317404
0.45045045045045046 1.001417050578392 0.998582949421611
0.46546546546546547 1.0015256657636713 0.9984743342363314
0.4804804804804805 1.0016364164390397 0.9983635835609627
0.4954954954954955 1.0017489149210776 0.9982510850789245
0.5105105105105106 1.0018627607638009 0.9981372392362015
0.5255255255255256 1.0019775436878648 0.9980224563121376
0.5405405405405406 1.0020928465817567 0.997907153418246
0.5555555555555556 1.0022082485530133 0.9977917514469886
0.5705705705705706 1.0023233280071469 0.9976766719928551
0.5855855855855856 1.0024376657317373 0.9975623342682647
0.6006006006006006 1.002550847963131 0.9974491520368713
0.6156156156156156 1.0026624694132904 0.9973375305867123
0.6306306306306306 1.0027721362346393 0.9972278637653628
0.6456456456456456 1.0028794689011988 0.9971205310988039
0.6606606606606606 1.0029841049849089 0.9970158950150937
0.6756756756756757 1.0030857018068153 0.9969142981931874
0.6906906906906908 1.0031839389436912 0.9968160610563115
0.7057057057057057 1.0032785205717398 0.9967214794282624
0.7207207207207207 1.0033691776302036 0.9966308223697985
0.7357357357357357 1.0034556697890245 0.9965443302109778
0.7507507507507508 1.003537787206139 0.9964622127938632
0.7657657657657658 1.0036153520615256 0.9963846479384761
0.7807807807807807 1.0036882198567574 0.9963117801432442
0.7957957957957957 1.0037562804705322 0.9962437195294691
0.8108108108108109 1.003819458962441 0.9961805410375607
0.8258258258258259 1.0038777161190735 0.9961222838809279
0.8408408408408409 1.0039310487384605 0.9960689512615416
0.8558558558558558 1.0039794896507552 0.9960205103492477
0.8708708708708709 1.0040231074750035 0.9959768925249987
0.8858858858858859 1.0040620061137862 0.995937993886216
0.9009009009009009 1.004096323989426 0.9959036760105762
0.9159159159159159 1.0041262330273706 0.9958737669726316
0.9309309309309309 1.004151937394201 0.9958480626058008
0.9459459459459458 1.0041736719995238 0.9958263280004778
0.960960960960961 1.0041917007727366 0.9958082992272654
0.9759759759759761 1.0042063147273088 0.9957936852726934
0.990990990990991 1.0042178298267896 0.9957821701732134
1.006006006006006 1.0042265846681921 0.995773415331811
1.021021021021021 1.0042329379997694 0.9957670620002338
1.0360360360360361 1.0042372660913932 0.9957627339086108
1.0510510510510511 1.0042399599768417 0.9957600400231625
1.066066066066066 1.0042414225882457 0.9957585774117579
1.0810810810810811 1.004242065803726 0.9957579341962781
1.0960960960960962 1.004242307429898 0.9957576925701062
1.1111111111111112 1.0042425681414064 0.9957574318585983
1.1261261261261262 1.004243268399951 0.9957567316000542
1.1411411411411412 1.004244825375433 0.9957551746245719
1.1561561561561562 1.0042476498918278 0.9957523501081773
1.1711711711711712 1.0042521434201985 0.9957478565798059
1.1861861861861862 1.004258695140941 0.9957413048590632
1.2012012012012012 1.004267679096812 0.9957323209031921
1.2162162162162162 1.0042794514576463 0.9957205485423579
1.2312312312312312 1.004294347916833 0.9957056520831714
1.2462462462462462 1.0043126812386531 0.9956873187613513
1.2612612612612613 1.0043347389744712 0.9956652610255339
1.2762762762762763 1.0043607813645212 0.9956392186354838
1.2912912912912913 1.0043910394406725 0.9956089605593326
1.3063063063063063 1.0044257133440633 0.9955742866559418
1.3213213213213213 1.004464970869917 0.9955350291300882
1.3363363363363363 1.00450894625018 0.9954910537498245
1.3513513513513513 1.0045577391828593 0.9954422608171452
1.3663663663663663 1.0046114141151263 0.9953885858848787
1.3813813813813816 1.0046699997853792 0.995330000214626
1.3963963963963963 1.0047334890275494 0.9952665109724547
1.4114114114114114 1.0048018388390019 0.9951981611610027
1.4264264264264264 1.0048749707114286 0.9951250292885762
1.4414414414414414 1.0049527712222188 0.9950472287777853
1.4564564564564566 1.0050350928818435 0.9949649071181605
1.4714714714714714 1.0051217552309173 0.9948782447690868
1.4864864864864864 1.005212546178767 0.9947874538212375
1.5015015015015016 1.0053072235735485 0.9946927764264559
1.5165165165165164 1.0054055169922504 0.9945944830077534
1.5315315315315317 1.0055071297373126 0.9944928702626913
1.5465465465465464 1.0056117410250565 0.9943882589749473
1.5615615615615615 1.0057190083497274 0.994280991650276
1.5765765765765767 1.0058285700056524 0.9941714299943497
1.5915915915915915 1.0059400477488598 0.9940599522511429
1.6066066066066067 1.006053049578482 0.9939469504215206
1.6216216216216217 1.0061671726174044 0.9938328273825983
1.6366366366366365 1.0062820060708777 0.9937179939291249
1.6516516516516517 1.0063971342412668 0.9936028657587357
1.6666666666666665 1.0065121395766954 0.9934878604233077
1.6816816816816818 1.006626605731114 0.9933733942688886
1.6966966966966968 1.0067401206132516 0.9932598793867519
1.7117117117117115 1.0068522794019916 0.9931477205980125
1.7267267267267268 1.0069626875060018 0.9930373124940026
1.7417417417417418 1.0070709634458521 0.9929290365541522
1.7567567567567568 1.0071767416374542 0.9928232583625494
1.7717717717717718 1.007279675056401 0.9927203249436017
1.7867867867867866 1.0073794377636758 0.992620562236326
1.8018018018018018 1.007475727274249 0.9925242727257523
1.8168168168168168 1.0075682667512482 0.9924317332487527
1.8318318318318318 1.0076568070097018 0.9923431929902996
1.8468468468468469 1.007741128315267 0.9922588716847341
1.8618618618618619 1.0078210419648985 0.9921789580351029
1.876876876876877 1.0078963916380197 0.9921036083619814
1.8918918918918917 1.007967054508487 0.9920329454915142
1.906906906906907 1.0080329421093992 0.9919670578906014
1.921921921921922 1.0080940009446584 0.9919059990553427
1.936936936936937 1.0081502128430486 0.9918497871569535
1.9519519519519521 1.0082015950525285 0.991798404947473
1.9669669669669667 1.0082482000743516 0.9917517999256497
1.981981981981982 1.0082901152385393 0.9917098847614615
1.996996996996997 1.0083274620241731 0.9916725379758277
2.012012012012012 1.0083603951298294 0.9916396048701708
2.027027027027027 1.0083891013013428 0.9916108986986568
2.042042042042042 1.0084137979258556 0.9915862020741442
2.0570570570570568 1.0084347314028381 0.9915652685971614
2.0720720720720722 1.0084521753044051 0.9915478246955944
2.0870870870870872 1.008466428338779 0.9915335716612209
2.1021021021021022 1.0084778121322073 0.9915221878677924
2.1171171171171173 1.008486668845952 0.9915133311540476
2.132132132132132 1.0084933586461655 0.9915066413538343
2.1471471471471473 1.008498257045533 0.9915017429544667
2.1621621621621623 1.0085017521364779 0.9914982478635217
2.1771771771771773 1.0085042417364953 0.9914957582635049
2.1921921921921923 1.008506130466801 0.9914938695331998
2.207207207207207 1.0085078267859318 0.9914921732140689
2.2222222222222223 1.0085097400002387 0.991490259999761
2.2372372372372373 1.0085122772733381 0.9914877227266626
2.2522522522522523 1.0085158406565484 0.9914841593434525
2.2672672672672673 1.0085208241621666 0.9914791758378345
2.2822822822822824 1.008527610901043 0.9914723890989579
2.2972972972972974 1.0085365703054296 0.9914634296945709
2.3123123123123124 1.008548055457375 0.9914519445426265
2.3273273273273274 1.008562400542132 0.9914375994578685
2.3423423423423424 1.0085799184450819 0.9914200815549183
2.3573573573573574 1.0086008985095467 0.9913991014904542
2.3723723723723724 1.0086256044716704 0.9913743955283306
2.3873873873873874 1.0086542725871777 0.9913457274128237
2.4024024024024024 1.0086871099633654 0.991312890036636
2.4174174174174174 1.0087242931081426 0.9912757068918592
2.4324324324324325 1.008765966706286 0.9912340332937147
2.4474474474474475 1.0088122426313864 0.9911877573686145
2.4624624624624625 1.0088631992001718 0.9911368007998288
2.4774774774774775 1.0089188806741156 0.9910811193258855
2.4924924924924925 1.0089792970113562 0.991020702988645
2.5075075075075075 1.00904442387013 0.9909555761298712
2.5225225225225225 1.009114202863027 0.9908857971369748
2.5375375375375375 1.009188542059539 0.9908114579404625
2.5525525525525525 1.0092673167325408 0.9907326832674609
2.5675675675675675 1.0093503703425393 0.9906496296574625
2.5825825825825826 1.0094375157518019 0.9905624842482009
2.5975975975975976 1.0095285366587823 0.9904714633412202
2.6126126126126126 1.0096231892416774 0.9903768107583248
2.6276276276276276 1.0097212039984171 0.9902787960015845
2.6426426426426426 1.0098222877689982 0.9901777122310037
2.6576576576576576 1.0099261259247478 0.990073874075254
2.6726726726726726 1.010032384707942 0.9899676152920595
2.6876876876876876 1.0101407137041232 0.9898592862958779
2.7027027027027026 1.0102507484285592 0.9897492515714412
2.7177177177177176 1.0103621130074971 0.989637886992503
2.7327327327327327 1.0104744229342313 0.9895255770657688
2.7477477477477477 1.010587287879529 0.9894127121204714
2.762762762762763 1.0107003145356253 0.9892996854643752
2.7777777777777777 1.0108131094728254 0.9891868905271743
2.7927927927927927 1.0109252819877463 0.9890747180122539
2.8078078078078077 1.0110364469223532 0.9889635530776472
2.8228228228228227 1.0111462274332679 0.9888537725667328
2.837837837837838 1.0112542576912464 0.9887457423087543
2.8528528528528527 1.011360185491339 0.9886398145086618
2.8678678678678677 1.0114636747549688 0.988536325245032
2.8828828828828827 1.0115644079060488 0.988435592093951
2.8978978978978978 1.011662088104258 0.9883379118957427
2.912912912912913 1.0117564413197093 0.9882435586802911
2.9279279279279278 1.0118472182345069 0.9881527817654937
2.942942942942943 1.0119341959579904 0.9880658040420104
2.957957957957958 1.0120171795439286 0.9879828204560724
2.972972972972973 1.0120960032994135 0.9879039967005874
2.9879879879879883 1.0121705318767955 0.9878294681232053
3.0030030030030033 1.0122406611416306 0.9877593388583701
3.018018018018018 1.0123063188112966 0.9876936811887044
3.033033033033033 1.01236746486064 0.9876325351393618
3.048048048048048 1.0124240916927503 0.9875759083072518
3.0630630630630633 1.0124762240746892 0.9875237759253137
3.0780780780780783 1.0125239188397273 0.9874760811602755
3.093093093093093 1.0125672643593542 0.9874327356406487
3.108108108108108 1.012606379789989 0.9873936202100138
3.123123123123123 1.012641414100952 0.9873585858990502
3.1381381381381384 1.0126725448918292 0.9873274551081725
3.1531531531531534 1.0126999770088476 0.9873000229911544
3.1681681681681684 1.0127239409713145 0.987276059028688
3.183183183183183 1.012744691220493 0.9872553087795102
3.198198198198198 1.0127625042045174 0.9872374957954859
3.2132132132132134 1.0127776763140781 0.9872223236859248
3.2282282282282284 1.0127905216846034 0.9872094783153996
3.2432432432432434 1.0128013698815557 0.9871986301184478
3.258258258258258 1.0128105634862121 0.9871894365137914
3.273273273273273 1.0128184555999236 0.9871815444000793
3.2882882882882885 1.0128254072853253 0.9871745927146776
3.3033033033033035 1.0128317849633226 0.9871682150366805
3.3183183183183185 1.0128379577848805 0.9871620422151223
3.333333333333333 1.0128442949967082 0.9871557050032942
3.348348348348348 1.012851163319846 0.9871488366801568
3.3633633633633635 1.01285892435995 0.987141075640052
3.3783783783783785 1.0128679320677245 0.9871320679322773
3.3933933933933935 1.0128785302674383 0.9871214697325629
3.4084084084084085 1.0128910502708806 0.9871089497291211
3.423423423423423 1.0129058085933411 0.9870941914066601
3.4384384384384385 1.0129231047873777 0.9870768952126241
3.4534534534534536 1.012943219409134 0.9870567805908683
3.4684684684684686 1.012966412130942 0.9870335878690601
3.4834834834834836 1.0129929200127674 0.9870070799872361
3.498498498498498 1.013022955943812 0.9869770440561914
3.5135135135135136 1.0130567072643053 0.9869432927356977
3.5285285285285286 1.013094334576102 0.9869056654239011
3.5435435435435436 1.0131359707493122 0.9868640292506918
3.5585585585585586 1.0131817201307025 0.9868182798693013
3.573573573573573 1.0132316579581284 0.9867683420418745
3.5885885885885886 1.0132858299837217 0.9867141700162816
3.6036036036036037 1.0133442523070564 0.9866557476929467
3.6186186186186187 1.0134069114179969 0.9865930885820064
3.6336336336336337 1.0134737644474208 0.9865262355525826
3.6486486486486487 1.01354473962255 0.9864552603774535
3.6636636636636637 1.013619736922176 0.9863802630778272
3.6786786786786787 1.0136986289256873 0.986301371074316
3.6936936936936937 1.0137812618484632 0.9862187381515399
3.7087087087087087 1.0138674567549466 0.9861325432450558
3.7237237237237237 1.013957010939508 0.9860429890604951
3.7387387387387387 1.014049699464108 0.985950300535896
3.753753753753754 1.0141452768407548 0.9858547231592486
3.7687687687687688 1.0142434788458305 0.9857565211541728
3.7837837837837833 1.014344024452528 0.9856559755474753
3.798798798798799 1.0144466178669562 0.9855533821330469
3.813813813813814 1.0145509506528478 0.9854490493471549
3.8288288288288292 1.0146567039293315 0.9853432960706717
3.843843843843844 1.01476355062585 0.9852364493741526
3.8588588588588584 1.0148711577780742 0.9851288422219286
3.873873873873874 1.0149791888484962 0.9850208111515063
3.888888888888889 1.0150873060554089 0.9849126939445945
3.9039039039039043 1.0151951726940405 0.9848048273059627
3.918918918918919 1.01530245543386 0.9846975445661428
3.9339339339339334 1.0154088265763686 0.9845911734236348
3.948948948948949 1.0155139662581367 0.9844860337418665
3.963963963963964 1.01561756458439 0.9843824354156137
3.9789789789789793 1.0157193236790532 0.9842806763209513
3.993993993993994 1.0158189596379168 0.9841810403620883
4.009009009009009 1.015916204372377 0.9840837956276279
4.024024024024024 1.0160108073320995 0.9839891926679061
4.0390390390390385 1.0161025370959065 0.9838974629040991
4.054054054054054 1.0161911828212218 0.9838088171787831
4.069069069069069 1.0162765555434679 0.9837234444565371
4.084084084084084 1.0163584893179398 0.9836415106820647
4.099099099099099 1.0164368421978454 0.9835631578021591
4.1141141141141135 1.0165114970433755 0.9834885029566283
4.129129129129129 1.0165823621578935 0.9834176378421108
4.1441441441441444 1.0166493717485348 0.9833506282514701
4.1591591591591595 1.0167124862097483 0.9832875137902556
4.1741741741741745 1.0167716922295174 0.9832283077704878
4.189189189189189 1.016827002719185 0.9831729972808199
4.2042042042042045 1.016878456569029 0.983121543430976
4.2192192192192195 1.0169261182328246 0.9830738817671804
4.2342342342342345 1.0169700771457906 0.983029922854215
4.2492492492492495 1.0170104469813457 0.9829895530186599
4.264264264264264 1.017047364753139 0.9829526352468666
4.2792792792792795 1.0170809897697506 0.9829190102302557
4.2942942942942945 1.0171115024503667 0.9828884975496388
4.3093093093093096 1.017139103010555 0.9828608969894507
4.324324324324325 1.0171640100279955 0.9828359899720097
4.339339339339339 1.0171864588987307 0.9828135411012753
4.354354354354355 1.0172067001950513 0.9827932998049546
4.36936936936937 1.017224997936684 0.9827750020633218
4.384384384384385 1.017241627787338 0.9827583722126683
4.3993993993994 1.0172568751890323 0.9827431248109739
4.414414414414414 1.0172710334468718 0.9827289665531347
4.42942942942943 1.0172844017771012 0.9827155982229053
4.444444444444445 1.0172972833313567 0.9827027166686502
4.45945945945946 1.0173099832100276 0.9826900167899797
4.474474474474475 1.0173228064775515 0.9826771935224562
4.48948948948949 1.017336056192304 0.9826639438077038
4.504504504504505 1.0173500314634933 0.9826499685365135
4.51951951951952 1.017365025547152 0.9826349744528559
4.534534534534535 1.017381323992918 0.9826186760070897
4.54954954954955 1.0173992028528562 0.9826007971471511
4.564564564564565 1.0174189269630205 0.9825810730369872
4.57957957957958 1.0174407483078927 0.982559251692115
4.594594594594595 1.017464904477199 0.9825350955228086
4.60960960960961 1.0174916172239055 0.9825083827761022
4.624624624624625 1.017521091131481 0.9824789088685275
4.63963963963964 1.0175535123977362 0.9824464876022722
4.654654654654655 1.0175890477417644 0.982410952258243
4.66966966966967 1.0176278434396635 0.9823721565603436
4.684684684684685 1.0176700244938868 0.9823299755061206
4.6996996996997 1.0177156939402023 0.9822843060598049
4.714714714714715 1.017764932295365 0.9822350677046418
4.72972972972973 1.0178177971477274 0.9821822028522793
4.744744744744745 1.0178743228921383 0.982125677107869
4.75975975975976 1.0179345206096035 0.9820654793904038
4.774774774774775 1.0179983780913255 0.9820016219086826
4.78978978978979 1.0180658600058787 0.9819341399941294
4.804804804804805 1.0181369082074667 0.9818630917925412
4.81981981981982 1.0182114421823876 0.9817885578176198
4.834834834834835 1.0182893596300655 0.981710640369942
4.84984984984985 1.0183705371742584 0.9816294628257493
4.864864864864865 1.0184548311993458 0.9815451688006628
4.87987987987988 1.0185420788059187 0.9814579211940893
4.894894894894895 1.0186320988792792 0.9813679011207294
4.90990990990991 1.0187246932638434 0.9812753067361649
4.924924924924925 1.0188196480359293 0.9811803519640778
4.93993993993994 1.0189167348668935 0.9810832651331131
4.954954954954955 1.0190157124681387 0.9809842875318665
4.96996996996997 1.0191163281091344 0.9808836718908706
4.984984984984985 1.019218319199222 0.9807816808007835
5.0 1.0193214149237118 0.9806785850762936
5.015015015015015 1.0194253379245248 0.9805746620754807
5.03003003003003 1.019529806015446 0.9804701939845596
5.045045045045045 1.0196345339219346 0.9803654660780704
5.06006006006006 1.0197392350353507 0.9802607649646544
5.075075075075075 1.019843623171427 0.9801563768285787
5.09009009009009 1.0199474143228544 0.980052585677151
5.105105105105105 1.0200503283959144 0.9799496716040921
5.12012012012012 1.020152090921219 0.9798479090787873
5.135135135135135 1.0202524347288124 0.9797475652711932
5.15015015015015 1.0203511015780902 0.979648898421916
5.165165165165165 1.0204478437332756 0.9795521562667301
5.18018018018018 1.0205424254755195 0.979457574524486
5.195195195195195 1.020634624543025 0.9793653754569807
5.21021021021021 1.0207242334910216 0.9792757665089846
5.225225225225225 1.0208110609638459 0.9791889390361603
5.24024024024024 1.0208949328718657 0.9791050671281398
5.255255255255255 1.0209756934664977 0.9790243065335079
5.27027027027027 1.0210532063071147 0.9789467936928905
5.285285285285285 1.0211273551142293 0.9788726448857767
5.3003003003003 1.0211980445039235 0.9788019554960827
5.315315315315315 1.0212652005991578 0.978734799400849
5.33033033033033 1.021328771514218 0.9786712284857887
5.345345345345345 1.021388727709262 0.9786112722907445
5.36036036036036 1.021445062212605 0.9785549377874014
5.375375375375375 1.0214977907091014 0.9785022092909046
5.39039039039039 1.0215469514937014 0.9784530485063049
5.405405405405405 1.0215926052899889 0.9784073947100176
5.42042042042042 1.0216348349342474 0.9783651650657592
5.435435435435435 1.0216737449263404 0.9783262550736658
5.450450450450451 1.0217094608494275 0.9782905391505788
5.465465465465465 1.0217421286612747 0.9782578713387309
5.48048048048048 1.0217719138606518 0.978228086139354
5.495495495495495 1.0217990005330078 0.9782009994669982
5.51051051051051 1.0218235902803428 0.978176409719663
5.525525525525526 1.021845901040856 0.9781540989591502
5.54054054054054 1.0218661658046229 0.9781338341953834
5.555555555555555 1.0218846312321939 0.9781153687678126
5.57057057057057 1.0219015561836056 0.9780984438164004
5.585585585585585 1.021917210165882 0.9780827898341238
5.600600600600601 1.0219318717076318 0.9780681282923738
5.615615615615615 1.0219458266698584 0.9780541733301469
5.63063063063063 1.021959366502549 0.9780406334974566
5.645645645645645 1.021972786457021 0.9780272135429849
5.66066066066066 1.0219863837643688 0.9780136162356372
5.675675675675676 1.0220004557906575 0.9779995442093484
5.6906906906906904 1.0220152981797668 0.9779847018202391
5.7057057057057055 1.0220312029949792 0.9779687970050266
5.7207207207207205 1.0220484568705483 0.9779515431294573
5.7357357357357355 1.0220673391845472 0.9779326608154599
5.750750750750751 1.0220881202643017 0.9779118797357057
5.7657657657657655 1.0221110596356762 0.9778889403643322
5.7807807807807805 1.0221364043273131 0.9778635956726955
5.7957957957957955 1.0221643872407777 0.977835612759231
5.8108108108108105 1.0221952255972613 0.9778047744027484
5.825825825825826 1.02222911947118 0.9777708805288292
5.8408408408408405 1.0222662504206121 0.9777337495793976
5.8558558558558556 1.0223067802240249 0.9776932197759847
5.870870870870871 1.0223508497322378 0.9776491502677721
5.885885885885886 1.0223985778439442 0.9776014221560656
5.9009009009009015 1.0224500606124713 0.9775499393875376
5.915915915915916 1.0225053704907257 0.9774946295092836
5.9309309309309315 1.0225645557204948 0.9774354442795141
5.945945945945946 1.0226276398714593 0.9773723601285499
5.960960960960961 1.0226946215343697 0.9773053784656395
5.9759759759759765 1.0227654741719372 0.9772345258280721
5.990990990990991 1.0228401461300174 0.9771598538699917
6.0060060060060065 1.0229185608106734 0.9770814391893361
6.021021021021021 1.0230006170076793 0.97699938299233
6.036036036036036 1.023086189403985 0.9769138105960234
6.051051051051052 1.0231751292296014 0.9768248707704082
6.066066066066066 1.0232672650772878 0.9767327349227214
6.081081081081082 1.023362403872384 0.9766375961276245
6.096096096096096 1.0234603319920257 0.9765396680079831
6.111111111111111 1.0235608165279642 0.9764391834720438
6.126126126126127 1.0236636066861786 0.9763363933138296
6.141141141141141 1.023768435315452 0.9762315646845557
6.156156156156157 1.0238750205561462 0.9761249794438618
6.171171171171171 1.0239830675994677 0.9760169324005398
6.186186186186186 1.024092270546667 0.9759077294533398
6.201201201201202 1.0242023143567922 0.9757976856432146
6.216216216216216 1.0243128768708774 0.9756871231291289
6.231231231231232 1.0244236308997805 0.9755763691002265
6.246246246246246 1.0245342463622733 0.9754657536377337
6.261261261261261 1.0246443924595017 0.9753556075405062
6.276276276276277 1.0247537398714803 0.9752462601285278
6.291291291291291 1.0248619629609905 0.9751380370390171
6.306306306306307 1.024968741969995 0.9750312580300126
6.321321321321321 1.0250737651935657 0.9749262348064414
6.336336336336337 1.0251767311162974 0.97482326888371
6.351351351351352 1.0252773504962536 0.974722649503754
6.366366366366366 1.0253753483816892 0.974624651618318
6.381381381381382 1.0254704660460852 0.9745295339539226
6.396396396396396 1.0255624628274331 0.9744375371725744
6.411411411411412 1.0256511178582302 0.9743488821417781
6.426426426426427 1.0257362316732386 0.9742637683267686
6.441441441441441 1.025817627682812 0.9741823723171956
6.456456456456457 1.0258951535003646 0.9741048464996432
6.471471471471471 1.0259686821135103 0.9740313178864981
6.486486486486487 1.02603811288936 0.9739618871106485
6.501501501501502 1.026103372405563 0.9738966275944447
6.516516516516516 1.0261644150998226 0.9738355849001854
6.531531531531532 1.0262212237318358 0.9737787762681718
6.546546546546546 1.0262738096528938 0.9737261903471133
6.561561561561562 1.0263222128796985 0.9736777871203083
6.576576576576577 1.026366501970328 0.9736334980296789
6.591591591591591 1.0264067737016838 0.9735932262983236
6.606606606606607 1.0264431525491748 0.9735568474508323
6.621621621621621 1.026475789970829 0.973524210029179
6.636636636636637 1.0265048634994431 0.9734951365005634
6.651651651651652 1.0265305756478316 0.9734694243521751
6.666666666666666 1.0265531526335883 0.9734468473664193
6.681681681681682 1.0265728429311902 0.9734271570688182
6.696696696696696 1.0265899156605578 0.9734100843394511
6.711711711711712 1.0266046588224635 0.9733953411775447
6.726726726726727 1.0266173773923861 0.9733826226076228
6.741741741741741 1.0266283912855183 0.9733716087144902
6.756756756756757 1.0266380332066993 0.9733619667933094
6.771771771771771 1.0266466463999588 0.973353353600049
6.786786786786787 1.0266545823132338 0.9733454176867744
6.801801801801802 1.026662198194524 0.9733378018054841
6.816816816816817 1.026669854636399 0.9733301453636083
6.831831831831832 1.0266779130862367 0.973322086913771
6.846846846846846 1.0266867333399539 0.9733132666600535
6.861861861861862 1.0266966710372307 0.9733033289627773
6.876876876876877 1.0267080751763087 0.9732919248236991
6.891891891891892 1.026721285666434 0.9732787143335735
6.906906906906907 1.0267366309358166 0.9732633690641923
6.921921921921921 1.0267544256126802 0.9732455743873286
6.936936936936937 1.0267749682965346 0.9732250317034741
6.951951951951952 1.0267985394361945 0.9732014605638138
6.966966966966967 1.026825399330391 0.9731746006696179
6.981981981981982 1.026855786265957 0.9731442137340511
6.996996996996996 1.0268899148076338 0.9731100851923743
7.012012012012012 1.0269279742524502 0.9730720257475585
7.027027027027027 1.0269701272604785 0.9730298727395299
7.042042042042042 1.02701650867248 0.9729834913275286
7.057057057057057 1.0270672245235986 0.97293277547641
7.072072072072071 1.0271223512608296 0.9728776487391789
7.087087087087087 1.0271819351704854 0.9728180648295229
7.102102102102102 1.0272459920203212 0.9727540079796867
7.117117117117117 1.0273145069193919 0.9726854930806166
7.132132132132132 1.0273874343970721 0.972612565602936
7.147147147147146 1.0274646987010456 0.972535301298963
7.162162162162162 1.0275461943123925 0.972453805687616
7.177177177177177 1.0276317866742946 0.9723682133257141
7.192192192192192 1.0277213131292366 0.9722786868707719
7.207207207207207 1.0278145840580157 0.9721854159419927
7.222222222222221 1.0279113842123273 0.9720886157876809
7.237237237237237 1.0280114742312345 0.9719885257687743
7.252252252252252 1.0281145923304127 0.9718854076695963
7.267267267267267 1.0282204561517654 0.9717795438482435
7.282282282282282 1.0283287647597674 0.971671235240242
7.297297297297297 1.0284392007697853 0.9715607992302233
7.312312312312312 1.0285514325926322 0.9714485674073768
7.327327327327327 1.0286651167787089 0.9713348832213
7.342342342342342 1.0287799004443694 0.9712200995556399
7.357357357357357 1.0288954237625045 0.9711045762375058
7.372372372372372 1.0290113224988828 0.9709886775011279
7.387387387387387 1.0291272305754586 0.9708727694245524
7.402402402402402 1.029242782641669 0.9707572173583423
7.4174174174174174 1.0293576166347211 0.9706423833652891
7.4324324324324325 1.0294713763099874 0.9705286236900231
7.4474474474474475 1.0295837137228832 0.9704162862771273
7.4624624624624625 1.0296942916440355 0.9703057083559752
7.4774774774774775 1.029802785890085 0.9701972141099269
7.4924924924924925 1.0299088875531683 0.9700911124468431
7.507507507507508 1.030012305112959 0.9699876948870522
7.5225225225225225 1.030112766416074 0.9698872335839374
7.5375375375375375 1.030210020508746 0.9697899794912656
7.5525525525525525 1.0303038393098192 0.9696961606901926
7.567567567567567 1.0303940191124068 0.9696059808876052
7.582582582582583 1.030480381903906 0.9695196180961061
7.597597597597598 1.030562776495504 0.9694372235045079
7.612612612612613 1.030641079453811 0.9693589205462009
7.627627627627628 1.0307151958288006 0.9692848041712101
7.642642642642642 1.030785059673841 0.9692149403261703
7.6576576576576585 1.0308506343551938 0.9691493656448177
7.672672672672673 1.0309119126500137 0.9690880873499979
7.687687687687688 1.0309689166334772 0.969031083366534
7.702702702702703 1.031021697357299 0.9689783026427121
7.717717717717717 1.0310703343234642 0.9689296656765471
7.7327327327327335 1.0311149347585515 0.9688850652414593
7.747747747747748 1.0311556326955085 0.9688443673045027
7.762762762762763 1.0311925878711494 0.9688074121288619
7.777777777777778 1.0312259844490097 0.9687740155510017
7.792792792792792 1.0312560295784254 0.9687439704215858
7.807807807807809 1.0312829518018825 0.9687170481981284
7.822822822822823 1.0313069993237178 0.9686930006762934
7.837837837837838 1.0313284381542034 0.9686715618458079
7.852852852852853 1.031347550143856 0.9686524498561553
7.867867867867867 1.031364630923506 0.9686353690765047
7.882882882882884 1.0313799877662189 0.9686200122337913
7.897897897897898 1.0313939373875836 0.9686060626124269
7.912912912912913 1.0314068037011725 0.968593196298837
7.927927927927928 1.0314189155461322 0.9685810844538774
7.942942942942942 1.0314306044038553 0.9685693955961536
7.957957957957959 1.031442202120589 0.9685577978794208
7.972972972972973 1.0314540386525444 0.9685459613474653
7.987987987987988 1.031466439849717 0.9685335601502919
8.003003003003002 1.0314797252940795 0.9685202747059298
8.018018018018019 1.0314942062072001 0.9685057937928092
8.033033033033034 1.0315101834415903 0.9684898165584188
8.048048048048049 1.0315279455692261 0.9684720544307832
8.063063063063062 1.0315477670797502 0.9684522329202591
8.078078078078077 1.0315699066998318 0.9684300933001773
8.093093093093094 1.031594605844047 0.9684053941559616
8.108108108108109 1.0316220872064716 0.9683779127935375
8.123123123123124 1.0316525535009495 0.968347446499059
8.138138138138139 1.0316861863567346 0.9683138136432748
8.153153153153152 1.0317231453748819 0.9682768546251271
8.168168168168169 1.031763567349469 0.9682364326505392
8.183183183183184 1.031807565656369 0.9681924343436397
8.198198198198199 1.0318552298109822 0.9681447701890259
8.213213213213212 1.03190662519503 0.968093374804979
8.228228228228227 1.031961792951198 0.9680382070488115
8.243243243243244 1.0320207500431997 0.9679792499568098
8.258258258258259 1.032083489477603 0.9679165105224066
8.273273273273274 1.0321499806826202 0.9678500193173888
8.288288288288289 1.0322201700379905 0.9677798299620184
8.303303303303302 1.0322939815490575 0.9677060184509512
8.318318318318319 1.0323713176572307 0.9676286823427779
8.333333333333334 1.0324520601781675 0.9675479398218411
8.348348348348349 1.0325360713582694 0.9674639286417388
8.363363363363362 1.0326231950394276 0.9673768049605803
8.378378378378377 1.0327132579214036 0.9672867420786045
8.393393393393394 1.032806070910779 0.9671939290892296
8.408408408408409 1.0329014305450603 0.967098569454948
8.423423423423424 1.0329991204802873 0.9670008795197214
8.438438438438439 1.0330989130303418 0.9669010869696675
8.453453453453452 1.0332005707461338 0.9667994292538752
8.468468468468469 1.0333038480228907 0.9666961519771186
8.483483483483484 1.033408492723932 0.9665915072760771
8.498498498498499 1.0335142478095767 0.9664857521904331
8.513513513513512 1.0336208529601412 0.9663791470398688
8.528528528528527 1.033728046182425 0.9662719538175847
8.543543543543544 1.0338355653895523 0.9661644346104568
8.558558558558559 1.0339431499446037 0.966056850055406
8.573573573573574 1.0340505421590784 0.9659494578409308
8.588588588588589 1.0341574887379106 0.9658425112620981
8.603603603603602 1.034263742163444 0.9657362578365647
8.618618618618619 1.0343690620115384 0.9656309379884701
8.633633633633634 1.0344732161937398 0.9655267838062688
8.64864864864865 1.034575982120228 0.9654240178797809
8.663663663663662 1.0346771477790617 0.9653228522209467
8.678678678678677 1.0347765127280266 0.965223487271982
8.693693693693694 1.0348738889961853 0.9651261110038232
8.70870870870871 1.0349691018930054 0.9650308981070036
8.723723723723724 1.0350619907236804 0.9649380092763289
8.73873873873874 1.0351524094099953 0.964847590590013
8.753753753753752 1.035240227016768 0.9647597729832409
8.76876876876877 1.035325328184534 0.9646746718154752
8.783783783783784 1.0354076134697685 0.9645923865302405
8.7987987987988 1.0354869995944618 0.9645130004055469
8.813813813813812 1.0355634196073797 0.9644365803926287
8.828828828828827 1.0356368229597777 0.9643631770402314
8.843843843843844 1.0357071754987195 0.9642928245012894
8.85885885885886 1.0357744593814848 0.9642255406185243
8.873873873873874 1.0358386729148052 0.9641613270852039
8.88888888888889 1.0358998303228926 0.964100169677116
8.903903903903903 1.0359579614483614 0.9640420385516472
8.91891891891892 1.0360131113902555 0.9639868886097527
8.933933933933934 1.0360653400834294 0.963934659916579
8.94894894894895 1.0361147218235294 0.9638852781764796
8.963963963963963 1.036161344741776 0.9638386552582338
8.97897897897898 1.0362053102336561 0.9637946897663547
8.993993993993994 1.0362467323455058 0.9637532676545051
9.00900900900901 1.0362857371228174 0.963714262877194
9.024024024024024 1.0363224619239042 0.963677538076107
9.03903903903904 1.0363570547023808 0.9636429452976298
9.054054054054054 1.0363896732616749 0.9636103267383352
9.06906906906907 1.0364204844845777 0.9635795155154324
9.084084084084084 1.0364496635406093 0.9635503364594012
9.0990990990991 1.036477393073748 0.9635226069262625
9.114114114114113 1.036503862372863 0.9634961376271478
9.12912912912913 1.0365292665269727 0.9634707334730378
9.144144144144144 1.036553805567288 0.9634461944327226
9.15915915915916 1.0365776835978084 0.9634223164022019
9.174174174174174 1.03660110791613 0.9633988920838811
9.18918918918919 1.0366242881259875 0.9633757118740237
9.204204204204204 1.0366474352430046 0.9633525647570067
9.21921921921922 1.0366707607950527 0.9633292392049586
9.234234234234235 1.0366944759186338 0.9633055240813776
9.24924924924925 1.0367187904527173 0.9632812095472946
9.264264264264263 1.036743912031524 0.9632560879684877
9.27927927927928 1.0367700451778505 0.9632299548221608
9.294294294294295 1.0367973903986516 0.9632026096013593
9.30930930930931 1.0368261432847623 0.9631738567152477
9.324324324324325 1.0368564936168299 0.9631435063831797
9.33933933933934 1.0368886244797344 0.9631113755202754
9.354354354354355 1.036922711388019 0.9630772886119913
9.36936936936937 1.0369589214250934 0.963041078574917
9.384384384384385 1.0369974123992405 0.9630025876007695
9.3993993993994 1.0370383320197238 0.9629616679802866
9.414414414414413 1.0370818170965541 0.9629181829034562
9.42942942942943 1.0371279927677532 0.962872007232257
9.444444444444445 1.037176971758184 0.9628230282418268
9.45945945945946 1.0372288536742613 0.9627711463257498
9.474474474474475 1.0372837243390702 0.9627162756609403
9.48948948948949 1.0373416551725876 0.9626583448274226
9.504504504504505 1.037402702621856 0.962597297378154
9.51951951951952 1.0374669076460599 0.9625330923539495
9.534534534534535 1.0375342952615132 0.9624657047384959
9.54954954954955 1.0376048741515687 0.96239512584844
9.564564564564563 1.0376786363464183 0.96232136365359
9.57957957957958 1.0377555569776402 0.962244443022368
9.594594594594595 1.0378355941121824 0.9621644058878256
9.60960960960961 1.0379186886702412 0.9620813113297667
9.624624624624625 1.0380047644311918 0.9619952355688159
9.63963963963964 1.03809372813137 0.9619062718686385
9.654654654654655 1.0381854696570678 0.9618145303429416
9.66966966966967 1.0382798623356213 0.9617201376643876
9.684684684684685 1.0383767633269114 0.9616232366730988
9.6996996996997 1.0384760141169667 0.9615239858830434
9.714714714714713 1.0385774411147235 0.9614225588852864
9.72972972972973 1.0386808563522343 0.9613191436477752
9.744744744744745 1.0387860582878763 0.9612139417121323
9.75975975975976 1.0388928327112967 0.9611071672887116
9.774774774774775 1.0390009537479838 0.9609990462520238
9.78978978978979 1.0391101849605051 0.9608898150395025
9.804804804804805 1.0392202805425497 0.9607797194574574
9.81981981981982 1.0393309866010458 0.9606690133989622
9.834834834834835 1.0394420425207094 0.9605579574792986
9.84984984984985 1.0395531824045308 0.960446817595477
9.864864864864865 1.0396641365828156 0.960335863417193
9.87987987987988 1.0397746331825868 0.9602253668174213
9.894894894894895 1.0398843997483653 0.9601156002516433
9.90990990990991 1.0399931649045853 0.9600068350954237
9.924924924924925 1.0401006600492413 0.9598993399507677
9.93993993993994 1.040206621067733 0.959793378932276
9.954954954954955 1.0403107900553343 0.9596892099446739
9.96996996996997 1.0404129170362681 0.9595870829637405
9.984984984984985 1.0405127616669843 0.959487238333024
10.0 1.0406100949109973 0.9593899050890111
10.015015015015015 1.0407044856670402 0.9592955143329687
10.03003003003003 1.0407953038353113 0.9592046961646978
10.045045045045045 1.040881939872176 0.9591180601278333
10.06006006006006 1.040963809257649 0.9590361907423604
10.075075075075075 1.0410403568091806 0.9589596431908287
10.09009009009009 1.041111060806317 0.9588889391936926
10.105105105105105 1.041175436892111 0.9588245631078988
10.12012012012012 1.0412330417187936 0.9587669582812165
10.135135135135135 1.0412834763071266 0.9587165236928838
10.15015015015015 1.0413263890910738 0.9586736109089365
10.165165165165165 1.041361478621896 0.9586385213781144
10.18018018018018 1.041388495908485 0.9586115040915266
10.195195195195195 1.0414072463736912 0.95859275362632
10.21021021021021 1.0414175914095323 0.9585824085904793
10.225225225225225 1.0414194495174331 0.9585805504825783
10.24024024024024 1.0414127970231135 0.9585872029768981
10.255255255255255 1.0413976683592288 0.9586023316407832
10.27027027027027 1.0413741559124954 0.9586258440875165
10.285285285285285 1.041342409435655 0.9586575905643572
10.3003003003003 1.0413026350282752 0.9586973649717379
10.315315315315315 1.0412550936939944 0.9587449063060182
10.33033033033033 1.0412000994853736 0.9587999005146396
10.345345345345345 1.0411380172509466 0.9588619827490671
10.36036036036036 1.0410692600024158 0.958930739997598
10.375375375375375 1.0409942859230752 0.9590057140769388
10.39039039039039 1.040913595041534 0.9590864049584803
10.405405405405405 1.0408277255975724 0.9591722744024417
10.42042042042042 1.0407372501294794 0.9592627498705347
10.435435435435435 1.0406427713144788 0.9593572286855352
10.45045045045045 1.0405449175958268 0.959455082404188
10.465465465465465 1.0404443386318272 0.9595556613681876
10.48048048048048 1.0403417006033795 0.9596582993966357
10.495495495495495 1.0402376814176861 0.9597623185823293
10.51051051051051 1.0401329658464524 0.9598670341535632
10.525525525525525 1.0400282406372556 0.9599717593627604
10.54054054054054 1.0399241896367712 0.9600758103632445
10.555555555555555 1.0398214889642134 0.9601785110358024
10.57057057057057 1.0397208022726747 0.9602791977273413
10.585585585585585 1.0396227761350616 0.9603772238649545
10.6006006006006 1.0395280355900018 0.9604719644100148
10.615615615615615 1.0394371798814896 0.9605628201185273
10.63063063063063 1.0393507784241356 0.9606492215758814
10.645645645645645 1.0392693670237176 0.960730632976299
10.66066066066066 1.0391934443803255 0.9608065556196911
10.675675675675675 1.0391234688987616 0.9608765311012555
10.69069069069069 1.0390598558280395 0.9609401441719778
10.705705705705705 1.0390029747488434 0.9609970252511739
10.72072072072072 1.0389531474246827 0.9610468525753346
10.735735735735735 1.0389106460292608 0.9610893539707569
10.75075075075075 1.0388756917592752 0.9611243082407426
10.765765765765765 1.0388484538385319 0.961151546161486
10.78078078078078 1.0388290489159053 0.9611709510841127
10.795795795795796 1.0388175408563498 0.9611824591436685
10.81081081081081 1.0388139409208976 0.9611860590791204
10.825825825825827 1.0388182083283901 0.9611817916716282
10.84084084084084 1.0388302511885996 0.9611697488114184
10.855855855855856 1.0388499277934822 0.9611500722065367
10.87087087087087 1.0388770482505043 0.9611229517495148
10.885885885885886 1.0389113764394295 0.9610886235605902
10.900900900900902 1.0389526322715548 0.9610473677284657
10.915915915915916 1.039000494228266 0.9609995057717547
10.93093093093093 1.0390546021538756 0.9609453978461451
10.945945945945946 1.039114560276079 0.9608854397239418
10.96096096096096 1.0391799404260054 0.9608200595740161
10.975975975975977 1.039250285428761 0.960749714571261
10.99099099099099 1.039325112634571 0.9606748873654508
11.006006006006006 1.0394039175601244 0.9605960824398981
11.02102102102102 1.039486177609503 0.9605138223905196
11.036036036036036 1.039571355844163 0.9604286441558605
11.051051051051052 1.0396589047717626 0.9603410952282614
11.066066066066066 1.039748270124266 0.9602517298757586
11.08108108108108 1.0398388945966155 0.9601611054034092
11.096096096096096 1.039930221518387 0.9600697784816381
11.11111111111111 1.0400216984321826 0.9599783015678425
11.126126126126128 1.040112780554073 0.9598872194459527
11.14114114114114 1.0402029340931338 0.9597970659068926
11.156156156156156 1.0402916394090282 0.9597083605909981
11.17117117117117 1.040378393988641 0.9596216060113851
11.186186186186186 1.0404627152249184 0.9595372847751076
11.201201201201203 1.0405441429833442 0.959455857016682
11.216216216216216 1.040622241943796 0.9593777580562304
11.23123123123123 1.0406966037078946 0.9593033962921316
11.246246246246246 1.040766848664342 0.9592331513356848
11.26126126126126 1.040832627607112 0.9591673723929153
11.276276276276278 1.0408936231037043 0.9591063768963235
11.29129129129129 1.0409495506129387 0.9590504493870889
11.306306306306306 1.041000159353978 0.9589998406460498
11.32132132132132 1.0410452329303532 0.9589547670696751
11.336336336336336 1.0410845897147514 0.958915410285277
11.351351351351353 1.0411180830021545 0.958881916997874
11.366366366366366 1.0411456009406015 0.9588543990594279
11.381381381381381 1.041167066250356 0.9588329337496737
11.396396396396396 1.041182435743607 0.9588175642564225
11.411411411411411 1.0411916996579542 0.9588083003420753
11.426426426426428 1.041194880817897 0.9588051191821325
11.441441441441441 1.0411920336392892 0.9588079663607403
11.456456456456456 1.0411832429922703 0.9588167570077598
11.471471471471471 1.0411686229385333 0.958831377061497
11.486486486486486 1.0411483153589505 0.9588516846410803
11.501501501501503 1.041122488487527 0.9588775115125039
11.516516516516516 1.041091335367444 0.9589086646325872
11.531531531531531 1.0410550722445504 0.9589449277554812
11.546546546546546 1.041013936913112 0.9589860630869194
11.561561561561561 1.0409681870279242 0.9590318129721074
11.576576576576578 1.0409180983960484 0.9590819016039829
11.591591591591591 1.0408639632604981 0.9591360367395335
11.606606606606606 1.0408060885871318 0.9591939114129004
11.621621621621621 1.0407447943648915 0.9592552056351406
11.636636636636636 1.040680411928331 0.9593195880717011
11.651651651651653 1.0406132823101377 0.9593867176898948
11.666666666666666 1.040543754630109 0.9594562453699235
11.681681681681681 1.040472184525778 0.9595278154742546
11.696696696696696 1.0403989326286434 0.9596010673713896
11.711711711711711 1.0403243630887558 0.9596756369112777
11.726726726726728 1.0402488421492593 0.9597511578507747
11.741741741741741 1.040172736771398 0.9598272632286359
11.756756756756756 1.0400964133095092 0.959903586690525
11.771771771771771 1.0400202362346087 0.9599797637654255
11.786786786786788 1.0399445669044 0.9600554330956347
11.801801801801803 1.0398697623768558 0.9601302376231796
11.816816816816816 1.0397961742639876 0.9602038257360482
11.831831831831831 1.0397241476220123 0.9602758523780239
11.846846846846846 1.0396540198738558 0.9603459801261807
11.861861861861863 1.0395861197598175 0.9604138802402193
11.876876876876878 1.03952076631223 0.9604792336878067
11.891891891891891 1.0394582678501154 0.9605417321499212
11.906906906906906 1.039398920990124 0.9606010790099127
11.921921921921921 1.0393430096704739 0.960656990329563
11.936936936936938 1.0392908041851454 0.9607091958148914
11.951951951951953 1.0392425602262483 0.9607574397737889
11.966966966966966 1.0391985179332206 0.9608014820668169
11.981981981981981 1.0391589009483713 0.9608410990516663
11.996996996996996 1.0391239154791783 0.9608760845208592
12.012012012012013 1.039093749368723 0.9609062506313151
12.027027027027028 1.0390685711766388 0.9609314288233992
12.042042042042041 1.039048529273988 0.9609514707260506
12.057057057057056 1.0390337509564822 0.9609662490435569
12.072072072072071 1.0390243415814953 0.9609756584185435
12.087087087087088 1.0390203837352736 0.9609796162647651
12.102102102102103 1.039021936437671 0.9609780635623679
12.117117117117116 1.0390290343925945 0.9609709656074448
12.132132132132131 1.0390416872930992 0.9609583127069403
12.147147147147146 1.0390598791907308 0.9609401208093089
12.162162162162163 1.0390835679392587 0.9609164320607814
12.177177177177178 1.0391126847233434 0.9608873152766972
12.192192192192191 1.0391471336829508 0.9608528663170901
12.207207207207206 1.0391867916444362 0.9608132083556049
12.222222222222221 1.0392315079691623 0.9607684920308787
12.237237237237238 1.0392811045303083 0.9607188954697329
12.252252252252253 1.039335375828117 0.9606646241719241
12.267267267267266 1.039394089253284 0.960605910746757
12.282282282282281 1.03945698550743 0.960543014492611
12.297297297297296 1.039523779188709 0.9604762208113317
12.312312312312313 1.0395941595495186 0.9604058404505224
12.327327327327328 1.039667791432049 0.9603322085679924
12.342342342342342 1.0397443163860358 0.9602556836140058
12.357357357357357 1.0398233539715593 0.9601766460284825
12.372372372372372 1.0399045032480956 0.9600954967519462
12.387387387387388 1.0399873444492922 0.9600126555507493
12.402402402402403 1.040071440841099 0.959928559158943
12.417417417417417 1.0401563407589898 0.9598436592410523
12.432432432432432 1.0402415798180682 0.9597584201819739
12.447447447447447 1.040326683287859 0.9596733167121829
12.462462462462463 1.040411168621623 0.9595888313784194
12.477477477477478 1.0404945481280587 0.9595054518719841
12.492492492492492 1.0405763317713403 0.9594236682287026
12.507507507507507 1.0406560300835834 0.9593439699164599
12.522522522522522 1.0407331571720588 0.9592668428279844
12.537537537537538 1.0408072338018313 0.9591927661982126
12.552552552552553 1.0408777905329565 0.9591222094670874
12.567567567567567 1.0409443708900308 0.9590556291100132
12.582582582582582 1.0410065345406623 0.9589934654593817
12.597597597597597 1.0410638604584572 0.958936139541587
12.612612612612613 1.0411159500453084 0.9588840499547362
12.627627627627628 1.0411624301872089 0.9588375698128361
12.642642642642642 1.0412029562174823 0.9587970437825628
12.657657657657657 1.0412372147612317 0.9587627852388139
12.672672672672673 1.0412649264349785 0.9587350735650669
12.687687687687689 1.0412858483758884 0.9587141516241573
12.702702702702704 1.0412997765756637 0.9587002234243828
12.717717717717717 1.041306547995133 0.9586934520049137
12.732732732732732 1.041306042436771 0.9586939575632765
12.747747747747749 1.0412981841538282 0.9587018158462192
12.762762762762764 1.0412829431764572 0.9587170568235903
12.777777777777779 1.041260336337133 0.9587396636629142
12.792792792792792 1.0412304279798228 0.9587695720202248
12.807807807807807 1.0411933303396756 0.9588066696603723
12.822822822822824 1.0411492035825503 0.9588507964174974
12.837837837837839 1.041098255496349 0.958901744503699
12.852852852852854 1.0410407408289484 0.9589592591710996
12.867867867867867 1.0409769602704428 0.9590230397296053
12.882882882882882 1.0409072590804036 0.9590927409196448
12.897897897897899 1.0408320253639305 0.9591679746361185
12.912912912912914 1.040751688003338 0.9592483119967111
12.927927927927929 1.0406667142554145 0.9593332857446343
12.942942942942942 1.0405776070272195 0.9594223929728294
12.957957957957957 1.0404849018463735 0.9595150981536759
12.972972972972974 1.040389163544679 0.9596108364553703
12.987987987987989 1.0402909826766744 0.9597090173233753
13.003003003003004 1.0401909716973223 0.9598090283027276
13.018018018018017 1.0400897609254818 0.9599102390745684
13.033033033033032 1.0399879943220243 0.960012005678026
13.048048048048049 1.03988632511346 0.9601136748865905
13.063063063063064 1.039785411293681 0.9602145887063692
13.078078078078079 1.0396859110379106 0.9603140889621398
13.093093093093092 1.039588478064125 0.960411521935926
13.108108108108107 1.039493756978111 0.9605062430219402
13.123123123123124 1.0394023786388897 0.9605976213611618
13.138138138138139 1.0393149555814762 0.9606850444185753
13.153153153153154 1.0392320775338841 0.9607679224661672
13.168168168168167 1.0391543070648543 0.9608456929351966
13.183183183183182 1.0390821753980606 0.9609178246019912
13.198198198198199 1.0390161784274687 0.9609838215725833
13.213213213213214 1.0389567729671527 0.9610432270328993
13.228228228228229 1.0389043732671661 0.9610956267328867
13.243243243243242 1.0388593478250856 0.9611406521749676
13.258258258258257 1.0388220165205866 0.9611779834794667
13.273273273273274 1.0387926480978715 0.9612073519021821
13.288288288288289 1.0387714580180234 0.9612285419820301
13.303303303303304 1.0387586067003833 0.9612413932996705
13.318318318318317 1.0387541981688868 0.9612458018311673
13.333333333333332 1.0387582791159862 0.9612417208840679
13.348348348348349 1.0387708383933414 0.9612291616067126
13.363363363363364 1.0387918069349202 0.9612081930651343
13.378378378378379 1.0388210581145536 0.9611789418855012
13.393393393393392 1.038858408536361 0.9611415914636943
13.408408408408407 1.0389036192528278 0.9610963807472279
13.423423423423424 1.0389563974017346 0.9610436025983218
13.438438438438439 1.039016398249614 0.9609836017504427
13.453453453453454 1.0390832276259996 0.9609167723740575
13.468468468468467 1.0391564447294441 0.9608435552706128
13.483483483483482 1.0392355652831802 0.9607644347168769
13.498498498498499 1.039320065015362 0.9606799349846953
13.513513513513514 1.0394093834361413 0.9605906165639162
13.528528528528529 1.0395029278813706 0.9604970721186871
13.543543543543542 1.0396000777905408 0.9603999222095178
13.558558558558557 1.0397001891846709 0.9602998108153874
13.573573573573574 1.0398025993082785 0.96019740069178
13.588588588588589 1.039906631398276 0.960093368601783
13.603603603603604 1.0400115995417187 0.9599884004583404
13.618618618618617 1.0401168135837162 0.9598831864163437
13.633633633633634 1.0402215840465598 0.9597784159535003
13.64864864864865 1.0403252270212187 0.9596747729788419
13.663663663663664 1.0404270689927624 0.959572931007298
13.67867867867868 1.040526451562058 0.9594735484380017
13.693693693693692 1.0406227360271587 0.9593772639729014
13.70870870870871 1.0407153077892188 0.9592846922108413
13.723723723723724 1.0408035805494846 0.959196419450576
13.73873873873874 1.0408870002658837 0.9591129997341767
13.753753753753754 1.0409650488400093 0.9590349511600511
13.768768768768767 1.0410372475077752 0.9589627524922859
13.783783783783784 1.0411031599097345 0.9588968400903268
13.7987987987988 1.0411623948199533 0.9588376051801084
13.813813813813814 1.0412146085153804 0.9587853914846812
13.82882882882883 1.041259506770849 0.9587404932292127
13.843843843843842 1.0412968464681267 0.9587031535319354
13.85885885885886 1.0413264368107882 0.9586735631892747
13.873873873873874 1.0413481401400666 0.9586518598599965
13.88888888888889 1.0413618723502407 0.9586381276498221
13.903903903903904 1.041367602905466 0.9586323970945974
13.918918918918918 1.0413653544632702 0.9586346455367935
13.933933933933934 1.0413552021131443 0.9586447978869195
13.94894894894895 1.0413372722417493 0.9586627277583148
13.963963963963964 1.0413117410392114 0.9586882589608529
13.97897897897898 1.0412788326637465 0.9587211673363184
13.993993993993993 1.0412388170844342 0.9587611829156314
14.00900900900901 1.0411920076243206 0.9588079923757454
14.024024024024024 1.0411387582281484 0.9588612417719179
14.03903903903904 1.0410794604808766 0.9589205395191903
14.054054054054054 1.0410145404047553 0.9589854595953118
14.069069069069068 1.040944455064038 0.9590555449360288
14.084084084084084 1.0408696890074434 0.9591303109926231
14.0990990990991 1.0407907505792222 0.9592092494208448
14.114114114114114 1.0407081681301258 0.9592918318699418
14.12912912912913 1.040622486159732 0.9593775138403358
14.144144144144143 1.0405342614214406 0.9594657385786274
14.15915915915916 1.0404440590210324 0.959555940979036
14.174174174174174 1.040352448538997 0.9596475514610714
14.18918918918919 1.0402600002058802 0.9597399997941891
14.204204204204204 1.0401672811586975 0.9598327188413719
14.219219219219218 1.0400748518050476 0.959925148195022
14.234234234234235 1.0399832623199026 0.9600167376801674
14.24924924924925 1.0398930492982408 0.9601069507018294
14.264264264264265 1.0398047325846915 0.9601952674153789
14.27927927927928 1.0397188122992227 0.960281187700848
14.294294294294293 1.0396357660756528 0.9603642339244183
14.30930930930931 1.0395560465274252 0.960443953472646
14.324324324324325 1.0394800789526686 0.9605199210474025
14.33933933933934 1.039408259288122 0.9605917407119494
14.354354354354355 1.0393409523190327 0.9606590476810389
14.369369369369368 1.0392784901496963 0.9607215098503752
14.384384384384385 1.0392211709368802 0.9607788290631913
14.3993993993994 1.0391692578860314 0.9608307421140403
14.414414414414415 1.0391229785078977 0.9608770214921741
14.42942942942943 1.0390825241310313 0.9609174758690406
14.444444444444443 1.0390480496636096 0.9609519503364627
14.45945945945946 1.0390196735961168 0.9609803264039558
14.474474474474475 1.0389974782346996 0.9610025217653733
14.48948948948949 1.0389815101534545 0.9610184898466183
14.504504504504505 1.0389717808525305 0.9610282191475426
14.519519519519518 1.0389682676077547 0.9610317323923184
14.534534534534535 1.0389709144965174 0.9610290855035564
14.54954954954955 1.0389796335838708 0.9610203664162031
14.564564564564565 1.0389943062522486 0.9610056937478252
14.57957957957958 1.0390147846578373 0.9609852153422366
14.594594594594595 1.0390408932964887 0.9609591067035852
14.60960960960961 1.0390724306621004 0.9609275693379735
14.624624624624625 1.0391091709806193 0.9608908290194554
14.63963963963964 1.039150866003237 0.9608491339968382
14.654654654654655 1.0391972468429227 0.9608027531571524
14.66966966966967 1.0392480258391716 0.9607519741609039
14.684684684684685 1.039302898436706 0.9606971015633702
14.6996996996997 1.0393615450648737 0.9606384549352025
14.714714714714715 1.03942363300557 0.9605763669945067
14.72972972972973 1.0394888182386877 0.9605111817613892
14.744744744744745 1.0395567472553546 0.960443252744722
14.75975975975976 1.0396270588304983 0.9603729411695788
14.774774774774775 1.0396993857475945 0.9603006142524828
14.78978978978979 1.039773356469787 0.9602266435302905
14.804804804804805 1.039848596752863 0.9601514032472153
14.81981981981982 1.0399247311968491 0.9600752688032294
14.834834834834835 1.0400013847342255 0.9599986152658537
14.84984984984985 1.040078184053898 0.9599218159461815
14.864864864864865 1.0401547589611646 0.9598452410389153
14.87987987987988 1.0402307436748706 0.9597692563252095
14.894894894894895 1.0403057780638312 0.9596942219362486
14.90990990990991 1.0403795088253416 0.9596204911747381
14.924924924924925 1.0404515906092149 0.9595484093908649
14.93993993993994 1.0405216870912712 0.9594783129088085
14.954954954954955 1.0405894720005509 0.9594105279995291
14.96996996996997 1.0406546301047117 0.9593453698953686
14.984984984984985 1.0407168581581399 0.9592831418419404
15.0 1.0407758658172104 0.9592241341828707
