0.0 1.0000000000000002 0.9999999999999997
0.01001001001001001 1.000000041676733 0.9999999583232673
0.02002002002002002 1.0000002082482178 0.9999997917517824
0.03003003003003003 1.0000005825265799 0.9999994174734215
0.04004004004004004 1.000001246648915 0.9999987533510859
0.050050050050050046 1.0000022818103573 0.9999977181896432
0.06006006006006006 1.0000037680001992 0.9999962319998026
0.07007007007007007 1.000005783741932 0.9999942162580698
0.08008008008008008 1.0000084058380565 0.9999915941619463
0.09009009009009009 1.000011709120476 0.9999882908795267
0.10010010010010009 1.0000157662073033 0.9999842337927007
0.11011011011011011 1.0000206472668516 0.9999793527331522
0.12012012012012012 1.0000264197895985 0.9999735802104053
0.13013013013013014 1.0000331483688418 0.9999668516311623
0.14014014014014015 1.0000408944907766 0.9999591055092276
0.15015015015015015 1.0000497163346673 0.9999502836653368
0.16016016016016016 1.0000596685837695 0.9999403314162352
0.1701701701701702 1.0000708022476088 0.9999291977523962
0.18018018018018017 1.0000831644962038 0.9999168355038013
0.1901901901901902 1.0000967985067644 0.9999032014932415
0.20020020020020018 1.0001117433233655 0.9998882566766406
0.21021021021021022 1.0001280337300569 0.9998719662699488
0.22022022022022023 1.0001457001378151 0.99985429986219
0.23023023023023026 1.0001647684857096 0.9998352315142957
0.24024024024024024 1.0001852601566 0.9998147398434045
0.2502502502502503 1.0002071919076472 0.9997928080923575
0.2602602602602603 1.000230575815852 0.9997694241841524
0.2702702702702703 1.0002554192388105 0.9997445807611943
0.2802802802802803 1.0002817247908042 0.9997182752092008
0.2902902902902903 1.0003094903343108 0.9996905096656937
0.3003003003003003 1.0003387089869586 0.9996612910130466
0.3103103103103103 1.0003693691439 0.9996306308561052
0.3203203203203203 1.0004014545155409 0.9995985454844638
0.3303303303303303 1.0004349441804932 0.999565055819512
0.3403403403403404 1.000469812653583 0.9995301873464222
0.35035035035035034 1.0005060299686965 0.999493970031309
0.36036036036036034 1.0005435617761878 0.9994564382238176
0.37037037037037035 1.000582369454539 0.9994176305454656
0.3803803803803804 1.000622410235907 0.9993775897640975
0.3903903903903904 1.000663637345144 0.9993363626548599
0.40040040040040037 1.0007060001518528 0.9992939998481505
0.4104104104104104 1.0007494443349687 0.9992505556650341
0.42042042042042044 1.0007939120593419 0.9992060879406606
0.43043043043043044 1.0008393421637447 0.9991606578362571
0.44044044044044045 1.0008856703596922 0.9991143296403096
0.4504504504504504 1.0009328294404274 0.999067170559574
0.4604604604604605 1.0009807494993985 0.999019250500603
0.47047047047047047 1.0010293581575098 0.9989706418424904
0.4804804804804805 1.0010785807984175 0.9989214192015827
0.4904904904904905 1.001128340811092 0.9988716591889085
0.5005005005005005 1.0011785598388732 0.9988214401611271
0.5105105105105106 1.001229158034199 0.9987708419658009
0.5205205205205206 1.0012800543181823 0.998719945681817
0.5305305305305306 1.0013311666441933 0.9986688333558059
0.5405405405405406 1.001382412264587 0.9986175877354126
0.5505505505505506 1.0014337079997129 0.9985662920002867
0.5605605605605606 1.001484970508331 0.9985150294916689
0.5705705705705706 1.001536116558552 0.9984638834414479
0.5805805805805806 1.0015870632984236 0.9984129367015767
0.5905905905905906 1.0016377285252827 0.998362271474718
0.6006006006006006 1.0016880309529972 0.9983119690470036
0.6106106106106106 1.0017378904762282 0.9982621095237728
0.6206206206206206 1.0017872284308518 0.9982127715691487
0.6306306306306306 1.0018359678496997 0.9981640321503014
0.6406406406406406 1.0018840337127748 0.9981159662872272
0.6506506506506506 1.001931353191142 0.998068646808861
0.6606606606606606 1.0019778558836911 0.9980221441163121
0.6706706706706707 1.0020234740460072 0.9979765259539966
0.6806806806806808 1.0020681428105973 0.9979318571894066
0.6906906906906907 1.0021118003977663 0.9978881996022373
0.7007007007007007 1.0021543883164492 0.9978456116835545
0.7107107107107107 1.0021958515543465 0.997804148445657
0.7207207207207207 1.0022361387567482 0.997763861243255
0.7307307307307308 1.002275202393463 0.9977247976065402
0.7407407407407407 1.0023129989133055 0.997687001086698
0.7507507507507507 1.0023494888856448 0.9976505111143583
0.7607607607607608 1.0023846371285525 0.9976153628714511
0.7707707707707707 1.0024184128231264 0.9975815871768776
0.7807807807807808 1.002450789613629 0.997549210386375
0.7907907907907907 1.0024817456931066 0.9975182543068967
0.8008008008008007 1.0025112638742135 0.9974887361257897
0.8108108108108109 1.0025393316450082 0.9974606683549947
0.8208208208208208 1.0025659412095451 0.9974340587904582
0.8308308308308309 1.0025910895131231 0.99740891048688
0.8408408408408409 1.002614778252115 0.9973852217478879
0.8508508508508508 1.0026370138683416 0.9973629861316615
0.8608608608608609 1.0026578075280077 0.9973421924719953
0.8708708708708708 1.0026771750852748 0.9973228249147281
0.8808808808808809 1.002695137030582 0.9973048629694206
0.8908908908908909 1.0027117184238867 0.9972882815761156
0.9009009009009008 1.0027269488130421 0.9972730511869597
0.9109109109109109 1.0027408621375773 0.9972591378624244
0.920920920920921 1.0027534966181912 0.9972465033818106
0.9309309309309309 1.0027648946323227 0.9972351053676791
0.9409409409409409 1.0027751025762006 0.9972248974238009
0.9509509509509508 1.0027841707138228 0.9972158292861787
0.960960960960961 1.0027921530133548 0.9972078469866464
0.9709709709709711 1.0027991069714834 0.9972008930285174
0.980980980980981 1.0028050934262953 0.997194906573706
0.990990990990991 1.0028101763592865 0.9971898236407146
1.001001001001001 1.0028144226871563 0.9971855773128446
1.011011011011011 1.0028179020440544 0.9971820979559466
1.021021021021021 1.0028206865549938 0.9971793134450073
1.0310310310310309 1.0028228506011678 0.9971771493988324
1.0410410410410411 1.0028244705779377 0.9971755294220623
1.0510510510510511 1.0028256246462692 0.9971743753537301
1.0610610610610611 1.002826392478442 0.9971736075215578
1.0710710710710711 1.002826854998845 0.9971731450011543
1.0810810810810811 1.0028270941207158 0.997172905879283
1.0910910910910911 1.0028271924796686 0.9971728075203296
1.1011011011011012 1.0028272331648886 0.9971727668351094
1.1111111111111112 1.0028272994488607 0.997172700551138
1.1211211211211212 1.0028274745165162 0.997172525483482
1.1311311311311312 1.0028278411946838 0.9971721588053146
1.1411411411411412 1.0028284816827138 0.9971715183172856
1.1511511511511512 1.002829477285164 0.997170522714836
1.1611611611611612 1.0028309081474152 0.9971690918525853
1.1711711711711712 1.0028328529950725 0.9971671470049283
1.1811811811811812 1.0028353888780064 0.9971646111219947
1.1911911911911912 1.0028385909198638 0.9971614090801378
1.2012012012012012 1.0028425320738656 0.9971574679261362
1.2112112112112112 1.0028472828856871 0.9971527171143153
1.2212212212212212 1.0028529112641902 0.9971470887358126
1.2312312312312312 1.0028594822607573 0.9971405177392461
1.2412412412412412 1.0028670578579422 0.997132942142062
1.2512512512512513 1.0028756967681263 0.9971243032318784
1.2612612612612613 1.0028854542428391 0.9971145457571656
1.2712712712712713 1.002896381893358 0.9971036181066476
1.2812812812812813 1.0029085275231724 0.9970914724768333
1.2912912912912913 1.0029219349728615 0.9970780650271432
1.3013013013013013 1.002936643977887 0.9970633560221182
1.3113113113113113 1.002952690039757 0.9970473099602485
1.3213213213213213 1.002970104310993 0.9970298956890123
1.3313313313313313 1.002988913494264 0.9970110865057418
1.3413413413413413 1.0030091397560146 0.996990860243992
1.3513513513513513 1.0030308006548745 0.9969691993451324
1.3613613613613615 1.0030539090850752 0.9969460909149319
1.3713713713713713 1.0030784732350582 0.9969215267649486
1.3813813813813813 1.0031044965614102 0.9968955034385962
1.3913913913913913 1.0031319777782064 0.9968680222218006
1.4014014014014013 1.0031609108617936 0.9968390891382133
1.4114114114114116 1.0031912850710039 0.9968087149290038
1.4214214214214214 1.003223084982718 0.9967769150172896
1.4314314314314314 1.003256290542677 0.9967437094573317
1.4414414414414414 1.0032908771313562 0.9967091228686519
1.4514514514514514 1.003326815644706 0.9966731843553015
1.4614614614614616 1.0033640725894744 0.996635927410533
1.4714714714714714 1.0034026101928117 0.9965973898071957
1.4814814814814814 1.0034423865257953 0.9965576134742125
1.4914914914914914 1.003483355640467 0.9965166443595413
1.5015015015015014 1.0035254677199377 0.9964745322800709
1.5115115115115116 1.003568669241069 0.99643133075894
1.5215215215215216 1.0036129031491936 0.9963870968508155
1.5315315315315314 1.0036581090443122 0.9963418909556976
1.5415415415415414 1.0037042233781488 0.9962957766218609
1.5515515515515514 1.0037511796614291 0.9962488203385804
1.5615615615615617 1.0037989086806989 0.996201091319311
1.5715715715715717 1.003847338723973 0.9961526612760361
1.5815815815815815 1.0038963958144862 0.9961036041855227
1.5915915915915915 1.0039460039517702 0.9960539960482386
1.6016016016016015 1.0039960853592813 0.9960039146407278
1.6116116116116117 1.0040465607377607 0.995953439262248
1.6216216216216217 1.0040973495235086 0.9959026504765003
1.6316316316316315 1.0041483701507208 0.9958516298492881
1.6416416416416415 1.0041995403170396 0.9958004596829689
1.6516516516516515 1.0042507772514457 0.9957492227485624
1.6616616616616617 1.0043019979836232 0.9956980020163849
1.6716716716716717 1.0043531196139117 0.9956468803860955
1.6816816816816818 1.004404059582976 0.9955959404170313
1.6916916916916915 1.0044547359402995 0.9955452640597079
1.7017017017017015 1.0045050676106408 0.9954949323893659
1.7117117117117118 1.0045549746575764 0.9954450253424305
1.7217217217217218 1.0046043785432697 0.9953956214567377
1.7317317317317318 1.004653202383627 0.9953467976163803
1.7417417417417416 1.0047013711980044 0.9952986288020039
1.7517517517517516 1.0047488121526509 0.9952511878473579
1.7617617617617618 1.0047954547971032 0.9952045452029062
1.7717717717717718 1.0048412312927533 0.9951587687072561
1.7817817817817818 1.0048860766328531 0.9951139233671563
1.7917917917917916 1.0049299288532363 0.9950700711467739
1.8018018018018016 1.0049727292330735 0.9950272707669372
1.8118118118118118 1.0050144224850124 0.9949855775149994
1.8218218218218218 1.0050549569340783 0.9949450430659338
1.8318318318318318 1.0050942846847635 0.9949057153152481
1.841841841841842 1.005132361775757 0.9948676382242543
1.8518518518518516 1.0051691483218161 0.9948308516781955
1.8618618618618619 1.0052046086423208 0.9947953913576919
1.8718718718718719 1.005238711376096 0.9947612886239168
1.8818818818818819 1.0052714295821341 0.9947285704178789
1.891891891891892 1.0053027408258854 0.9946972591741275
1.9019019019019017 1.0053326272508496 0.9946673727491634
1.911911911911912 1.005361075635233 0.9946389243647802
1.921921921921922 1.0053880774334933 0.9946119225665204
1.931931931931932 1.0054136288026432 0.9945863711973706
1.9419419419419421 1.0054377306132316 0.9945622693867826
1.9519519519519517 1.0054603884449675 0.9945396115550463
1.961961961961962 1.0054816125670165 0.9945183874329977
1.971971971971972 1.0055014179030262 0.994498582096988
1.981981981981982 1.0055198239810132 0.9944801760190013
1.9919919919919922 1.0055368548682722 0.9944631451317433
2.002002002002002 1.005552539091527 0.9944474609084888
2.0120120120120117 1.0055669095425948 0.9944330904574211
2.022022022022022 1.005580003369868 0.9944199966301477
2.032032032032032 1.005591861855982 0.994408138144034
2.042042042042042 1.0056025302820655 0.9943974697179498
2.052052052052052 1.0056120577790315 0.9943879422209837
2.0620620620620618 1.0056204971663885 0.9943795028336266
2.0720720720720722 1.0056279047791106 0.9943720952209049
2.0820820820820822 1.0056343402831343 0.9943656597168814
2.0920920920920922 1.0056398664800872 0.9943601335199281
2.1021021021021022 1.0056445491018944 0.9943554508981212
2.1121121121121122 1.0056484565959294 0.9943515434040855
2.1221221221221223 1.0056516599014258 0.9943483400985891
2.1321321321321323 1.005654232217871 0.9943457677821438
2.1421421421421423 1.0056562487661505 0.9943437512338638
2.1521521521521523 1.005657786543222 0.9943422134567925
2.1621621621621623 1.0056589240711187 0.9943410759288956
2.1721721721721723 1.005659741141113 0.9943402588589016
2.1821821821821823 1.0056603185538646 0.9943396814461498
2.1921921921921923 1.0056607378564153 0.9943392621435982
2.2022022022022023 1.0056610810768807 0.9943389189231334
2.2122122122122123 1.0056614304577072 0.9943385695423067
2.2222222222222223 1.0056618681883709 0.9943381318116429
2.2322322322322323 1.0056624761383817 0.994337523861632
2.2422422422422423 1.005663335591469 0.9943366644085451
2.2522522522522523 1.0056645269818125 0.9943354730182008
2.2622622622622623 1.0056661296331817 0.9943338703668321
2.2722722722722724 1.0056682215018231 0.9943317784981909
2.2822822822822824 1.005670878923944 0.9943291210760702
2.2922922922922924 1.0056741763686046 0.9943258236314094
2.3023023023023024 1.0056781861968251 0.9943218138031891
2.3123123123123124 1.005682978427687 0.9943170215723274
2.3223223223223224 1.00568862051219 0.9943113794878242
2.3323323323323324 1.0056951771155949 0.9943048228844193
2.3423423423423424 1.0057027099089577 0.994297290091057
2.3523523523523524 1.0057112773705288 0.9942887226294863
2.3623623623623624 1.0057209345976583 0.9942790654023574
2.3723723723723724 1.005731733129814 0.9942682668702015
2.3823823823823824 1.0057437207832831 0.9942562792167325
2.3923923923923924 1.0057569414980854 0.99424305850193
2.4024024024024024 1.0057714351975928 0.994228564802422
2.4124124124124124 1.0057872376613022 0.9942127623387129
2.4224224224224224 1.0058043804111652 0.99419561958885
2.4324324324324325 1.0058228906118427 0.9941771093881727
2.4424424424424425 1.0058427909851917 0.994157209014824
2.4524524524524525 1.0058640997392576 0.9941359002607584
2.4624624624624625 1.0058868305119915 0.9941131694880241
2.4724724724724725 1.0059109923298675 0.9940890076701475
2.4824824824824825 1.0059365895815195 0.9940634104184956
2.4924924924924925 1.005963622006476 0.9940363779935399
2.5025025025025025 1.0059920846990145 0.9940079153010005
2.5125125125125125 1.006021968127122 0.9939780318728927
2.5225225225225225 1.006053258166469 0.9939467418335458
2.5325325325325325 1.0060859361492929 0.993914063850722
2.5425425425425425 1.0061199789280113 0.9938800210720035
2.5525525525525525 1.0061553589533476 0.9938446410466684
2.5625625625625625 1.006192044366699 0.9938079556333168
2.5725725725725725 1.0062299991064456 0.9937700008935705
2.5825825825825826 1.0062691830278274 0.993730816972188
2.5925925925925926 1.0063095520360008 0.9936904479640148
2.6026026026026026 1.006351058231821 0.9936489417681951
2.6126126126126126 1.0063936500698694 0.993606349930146
2.6226226226226226 1.0064372725282023 0.9935627274718124
2.6326326326326326 1.0064818672892513 0.9935181327107634
2.6426426426426426 1.006527372931282 0.9934726270687322
2.6526526526526526 1.0065737251297782 0.9934262748702358
2.6626626626626626 1.0066208568680832 0.9933791431319305
2.672672672672673 1.0066686986566085 0.9933313013434049
2.6826826826826826 1.006717178759884 0.9932828212401283
2.6926926926926926 1.0067662234307089 0.9932337765693029
2.7027027027027026 1.0068157571506262 0.9931842428493851
2.7127127127127126 1.0068657028759427 0.9931342971240689
2.722722722722723 1.0069159822884775 0.9930840177115334
2.7327327327327327 1.0069665160502286 0.9930334839497821
2.7427427427427427 1.0070172240611168 0.992982775938894
2.7527527527527527 1.0070680257189701 0.9929319742810411
2.7627627627627627 1.0071188401808977 0.9928811598191126
2.772772772772773 1.0071695866252066 0.9928304133748035
2.7827827827827827 1.0072201845129998 0.9927798154870103
2.7927927927927927 1.0072705538486133 0.9927294461513962
2.8028028028028027 1.0073206154380436 0.9926793845619651
2.8128128128128127 1.007370291144525 0.9926297088554824
2.822822822822823 1.0074195041404321 0.9925804958595744
2.8328328328328327 1.0074681791546878 0.9925318208453178
2.8428428428428427 1.0075162427148834 0.9924837572851221
2.8528528528528527 1.0075636233833225 0.9924363766166826
2.8628628628628627 1.0076102519862338 0.9923897480137707
2.872872872872873 1.007656061835412 0.9923439381645918
2.8828828828828827 1.0077009889415747 0.992299011058429
2.8928928928928928 1.0077449722187526 0.9922550277812512
2.9029029029029028 1.0077879536790593 0.9922120463209442
2.9129129129129128 1.0078298786172168 0.9921701213827863
2.922922922922923 1.0078706957842518 0.9921293042157515
2.932932932932933 1.007910357549807 0.9920896424501969
2.942942942942943 1.007948820052558 0.992051179947446
2.952952952952953 1.0079860433382601 0.9920139566617435
2.962962962962963 1.00802199148499 0.9919780085150137
2.9729729729729732 1.0080566327151907 0.9919433672848132
2.982982982982983 1.0080899394941756 0.9919100605058286
2.9929929929929933 1.008121888614785 0.9918781113852193
3.003003003003003 1.0081524612679387 0.9918475387320652
3.013013013013013 1.0081816430988757 0.9918183569011281
3.0230230230230233 1.0082094242489097 0.9917905757510944
3.033033033033033 1.0082357993825914 0.9917642006174123
3.0430430430430433 1.0082607677002051 0.991739232299799
3.053053053053053 1.008284332935574 0.9917156670644297
3.063063063063063 1.0083065033392091 0.9916934966607949
3.0730730730730733 1.0083272916468666 0.9916727083531375
3.083083083083083 1.008346715033642 0.9916532849663618
3.0930930930930933 1.008364795053766 0.9916352049462378
3.103103103103103 1.008381557566316 0.9916184424336876
3.113113113113113 1.0083970326471068 0.9916029673528965
3.1231231231231233 1.0084112544870607 0.9915887455129426
3.133133133133133 1.0084242612774086 0.9915757387225947
3.1431431431431434 1.0084360950821107 0.9915639049178928
3.153153153153153 1.0084468016979284 0.9915531983020744
3.163163163163163 1.0084564305026205 0.9915435694973824
3.1731731731731734 1.008465034291767 0.9915349657082366
3.183183183183183 1.00847266910477 0.9915273308952327
3.1931931931931934 1.0084793940406152 0.9915206059593878
3.203203203203203 1.0084852710639889 0.9915147289360127
3.213213213213213 1.008490364802417 0.9915096351975842
3.2232232232232234 1.0084947423350707 0.9915052576649306
3.233233233233233 1.0084984729739541 0.991501527026047
3.2432432432432434 1.0085016280381849 0.9914983719618161
3.253253253253253 1.008504280622108 0.9914957193778932
3.263263263263263 1.0085065053580062 0.9914934946419951
3.2732732732732734 1.0085083781741795 0.991491621825821
3.283283283283283 1.0085099760491876 0.9914900239508124
3.2932932932932935 1.0085113767630478 0.9914886232369514
3.303303303303303 1.0085126586462096 0.9914873413537894
3.3133133133133135 1.008513900327108 0.9914860996728904
3.3233233233233235 1.0085151804791241 0.9914848195208742
3.333333333333333 1.0085165775677645 0.9914834224322333
3.3433433433433435 1.0085181695988812 0.9914818304011163
3.353353353353353 1.0085200338687395 0.9914799661312579
3.3633633633633635 1.0085222467167392 0.9914777532832577
3.3733733733733735 1.0085248832815856 0.9914751167184108
3.383383383383383 1.0085280172616886 0.9914719827383075
3.3933933933933935 1.0085317206805557 0.9914682793194396
3.403403403403403 1.0085360636579337 0.9914639363420616
3.4134134134134135 1.0085411141874163 0.9914588858125783
3.4234234234234235 1.0085469379212384 0.9914530620787559
3.433433433433433 1.0085535979629254 0.9914464020370681
3.4434434434434436 1.0085611546684619 0.9914388453315319
3.453453453453453 1.0085696654565983 0.9914303345433948
3.4634634634634636 1.0085791846289012 0.9914208153710921
3.4734734734734736 1.0085897632000962 0.9914102367998976
3.483483483483483 1.0086014487392432 0.9913985512607506
3.4934934934934936 1.0086142852222328 0.991385714777761
3.503503503503503 1.0086283128960547 0.9913716871039395
3.5135135135135136 1.0086435681552577 0.9913564318447367
3.5235235235235236 1.008660083430977 0.9913399165690177
3.533533533533533 1.0086778870928592 0.9913221129071362
3.5435435435435436 1.0086970033641804 0.9913029966358157
3.553553553553553 1.0087174522504039 0.9912825477495927
3.5635635635635636 1.008739249481382 0.9912607505186145
3.5735735735735736 1.0087624064673633 0.9912375935326325
3.583583583583583 1.0087869302689194 0.9912130697310761
3.5935935935935936 1.0088128235808598 0.9911871764191358
3.603603603603603 1.0088400847301633 0.9911599152698318
3.6136136136136137 1.0088687076879035 0.9911312923120916
3.6236236236236237 1.0088986820951003 0.9911013179048953
3.633633633633634 1.0089299933023907 0.9910700066976047
3.6436436436436437 1.0089626224233648 0.9910373775766306
3.6536536536536532 1.008996546401364 0.9910034535986323
3.6636636636636637 1.0090317380895026 0.990968261910494
3.6736736736736737 1.0090681663436327 0.9909318336563631
3.683683683683684 1.0091057961279248 0.9908942038720706
3.6936936936936937 1.009144588632697 0.9908554113672989
3.7037037037037033 1.0091845014040954 0.9908154985959007
3.7137137137137137 1.009225488485185 0.9907745115148111
3.7237237237237237 1.0092675005679728 0.9907324994320234
3.733733733733734 1.0093104851558532 0.9906895148441429
3.7437437437437437 1.0093543867359387 0.9906456132640579
3.7537537537537533 1.0093991469606949 0.9906008530393022
3.7637637637637638 1.0094447048382882 0.9905552951617085
3.7737737737737738 1.0094909969310124 0.9905090030689838
3.783783783783784 1.0095379575611436 0.9904620424388528
3.793793793793794 1.0095855190235485 0.9904144809764487
3.8038038038038033 1.0096336118043534 0.9903663881956436
3.813813813813814 1.0096821648049632 0.990317835195034
3.823823823823824 1.0097311055706961 0.9902688944293007
3.8338338338338342 1.009780360523303 0.9902196394766942
3.843843843843844 1.0098298551966103 0.9901701448033868
3.8538538538538534 1.009879514474537 0.9901204855254601
3.863863863863864 1.009929262830713 0.990070737169284
3.873873873873874 1.0099790245689353 0.990020975431061
3.8838838838838843 1.0100287240636907 0.9899712759363059
3.893893893893894 1.0100782859999784 0.989921714000018
3.9039039039039034 1.0101276356116704 0.9898723643883253
3.913913913913914 1.0101766989176544 0.9898233010823414
3.923923923923924 1.010225402955006 0.9897745970449896
3.9339339339339343 1.010273676008463 0.9897263239915324
3.943943943943944 1.0103214478354738 0.9896785521645206
3.9539539539539543 1.0103686498861164 0.9896313501138777
3.963963963963964 1.0104152155171962 0.9895847844827971
3.973973973973974 1.0104610801998635 0.9895389198001294
3.9839839839839843 1.0105061817200958 0.9894938182798968
3.993993993993994 1.0105504603714317 0.9894495396285599
4.004004004004004 1.0105938591393608 0.9894061408606306
4.014014014014014 1.0106363238767995 0.9893636761231916
4.0240240240240235 1.0106778034701231 0.9893221965298676
4.034034034034034 1.0107182499952467 0.9892817500047437
4.044044044044044 1.0107576188632816 0.9892423811367088
4.054054054054054 1.0107958689553351 0.9892041310446553
4.064064064064064 1.0108329627460484 0.9891670372539418
4.0740740740740735 1.0108688664155114 0.9891311335844792
4.084084084084084 1.0109035499492258 0.9890964500507647
4.094094094094094 1.010936987225832 0.9890630127741584
4.104104104104104 1.01096915609235 0.9890308439076408
4.114114114114114 1.0110000384267266 0.9889999615732643
4.1241241241241235 1.0110296201875273 0.9889703798124638
4.134134134134134 1.0110578914506405 0.9889421085493512
4.1441441441441444 1.0110848464329163 0.9889151535670754
4.1541541541541545 1.0111104835026976 0.9888895164972942
4.1641641641641645 1.011134805177239 0.9888651948227535
4.174174174174174 1.0111578181070597 0.9888421818929335
4.1841841841841845 1.0111795330473106 0.9888204669526832
4.1941941941941945 1.0111999648162804 0.9888000351837142
4.2042042042042045 1.0112191322412025 0.9887808677587921
4.2142142142142145 1.01123705809157 0.988762941908425
4.2242242242242245 1.0112537690001948 0.9887462309997991
4.2342342342342345 1.0112692953723008 0.9887307046276925
4.2442442442442445 1.0112836712829567 0.988716328717036
4.2542542542542545 1.0112969343632128 0.9887030656367795
4.2642642642642645 1.011309125675323 0.9886908743246696
4.2742742742742745 1.0113202895774742 0.9886797104225195
4.2842842842842845 1.0113304735784778 0.988669526421517
4.2942942942942945 1.011339728182905 0.9886602718170898
4.3043043043043046 1.01134810672718 0.9886518932728156
4.314314314314315 1.0113556652071622 0.9886443347928335
4.324324324324325 1.0113624620977952 0.9886375379022009
4.334334334334335 1.0113685581653935 0.9886314418346029
4.344344344344345 1.0113740162731877 0.988625983726808
4.354354354354355 1.0113789011807515 0.9886210988192433
4.364364364364365 1.0113832793379536 0.9886167206620415
4.374374374374375 1.0113872186740946 0.9886127813258998
4.384384384384385 1.0113907883829105 0.9886092116170841
4.394394394394395 1.0113940587041115 0.9886059412958828
4.404404404404405 1.0113971007021658 0.9886028992978286
4.414414414414415 1.0113999860430125 0.9886000139569815
4.424424424424425 1.0114027867694189 0.9885972132305747
4.434434434434435 1.01140557507568 0.988594424924313
4.444444444444445 1.011408423082369 0.9885915769176237
4.454454454454455 1.011411402611841 0.9885885973881521
4.464464464464465 1.0114145849651863 0.9885854150348063
4.474474474474475 1.0114180407013305 0.988581959298662
4.484484484484485 1.0114218394189556 0.9885781605810369
4.494494494494495 1.0114260495419207 0.9885739504580718
4.504504504504505 1.0114307381088372 0.9885692618911548
4.514514514514515 1.0114359705674436 0.9885640294325481
4.524524524524525 1.0114418105744045 0.9885581894255866
4.534534534534535 1.0114483198011435 0.9885516801988479
4.544544544544545 1.0114555577462925 0.9885444422536979
4.554554554554555 1.0114635815553308 0.9885364184446594
4.564564564564565 1.011472445847939 0.9885275541520508
4.574574574574575 1.0114822025535979 0.9885177974463912
4.584584584584585 1.011492900755909 0.98850709924408
4.594594594594595 1.011504586546097 0.9884954134538926
4.604604604604605 1.0115173028861242 0.988482697113865
4.614614614614615 1.0115310894818155 0.9884689105181738
4.624624624624625 1.011545982666352 0.9884540173336367
4.634634634634635 1.0115620152944726 0.9884379847055159
4.644644644644645 1.0115792166476747 0.9884207833523144
4.654654654654655 1.011597612350678 0.9884023876493107
4.664664664664665 1.0116172242993835 0.9883827757006056
4.674674674674675 1.011638070600505 0.9883619293994852
4.684684684684685 1.0116601655230397 0.9883398344769512
4.694694694694695 1.0116835194616884 0.9883164805383027
4.704704704704705 1.0117081389123037 0.9882918610876871
4.714714714714715 1.0117340264594117 0.9882659735405802
4.724724724724725 1.011761180775804 0.9882388192241871
4.734734734734735 1.011789596634184 0.9882104033658079
4.744744744744745 1.0118192649307736 0.9881807350692189
4.754754754754755 1.011850172720797 0.9881498272791955
4.764764764764765 1.0118823032656876 0.9881176967343053
4.774774774774775 1.0119156360918398 0.988084363908154
4.784784784784785 1.0119501470606966 0.9880498529392967
4.794794794794795 1.0119858084499302 0.9880141915500638
4.804804804804805 1.0120225890454213 0.9879774109545725
4.814814814814815 1.0120604542437448 0.9879395457562496
4.824824824824825 1.0120993661648001 0.9879006338351948
4.834834834834835 1.012139283774228 0.9878607162257673
4.844844844844845 1.0121801630152016 0.987819836984794
4.854854854854855 1.0122219569491688 0.9877780430508271
4.864864864864865 1.0122646159050883 0.9877353840949075
4.874874874874875 1.012308087636681 0.9876919123633147
4.884884884884885 1.0123523174871951 0.9876476825128011
4.894894894894895 1.0123972485611579 0.9876027514388382
4.904904904904905 1.012442821902579 0.9875571780974168
4.914914914914915 1.0124889766790353 0.9875110233209603
4.924924924924925 1.0125356503710672 0.9874643496289279
4.934934934934935 1.012582778966293 0.9874172210337026
4.944944944944945 1.0126302971576346 0.9873697028423601
4.954954954954955 1.0126781385450518 0.9873218614549433
4.964964964964965 1.0127262358401456 0.9872737641598498
4.974974974974975 1.012774521073017 0.9872254789269788
4.984984984984985 1.0128229258007395 0.9871770741992565
4.994994994994995 1.0128713813168093 0.9871286186831865
5.005005005005005 1.012919818860938 0.9870801811390576
5.015015015015015 1.0129681698285475 0.9870318301714475
5.025025025025025 1.0130163659793396 0.986983634020656
5.035035035035035 1.0130643396443006 0.9869356603556947
5.045045045045045 1.0131120239305358 0.98688797606946
5.055055055055055 1.0131593529233016 0.9868406470766944
5.065065065065065 1.0132062618846471 0.9867937381153489
5.075075075075075 1.0132526874480656 0.9867473125519306
5.085085085085085 1.0132985678085826 0.986701432191413
5.095095095095095 1.0133438429077195 0.9866561570922762
5.105105105105105 1.0133884546127843 0.9866115453872113
5.115115115115115 1.0134323468899695 0.9865676531100256
5.125125125125125 1.0134754659707497 0.9865245340292452
5.135135135135135 1.0135177605110914 0.986482239488904
5.145145145145145 1.0135591817430212 0.9864408182569736
5.155155155155155 1.013599683618113 0.9864003163818812
5.165165165165165 1.0136392229424809 0.9863607770575126
5.175175175175175 1.0136777595028983 0.9863222404970947
5.185185185185185 1.013715256183683 0.9862847438163095
5.195195195195195 1.0137516790740246 0.9862483209259676
5.205205205205205 1.0137869975654512 0.9862130024345404
5.215215215215215 1.0138211844391722 0.9861788155608194
5.225225225225225 1.0138542159430561 0.9861457840569363
5.235235235235235 1.013886071858041 0.9861139281419524
5.245245245245245 1.0139167355538024 0.9860832644461917
5.255255255255255 1.0139461940335408 0.9860538059664541
5.265265265265265 1.0139744379677746 0.9860255620322209
5.275275275275275 1.01400146171707 0.9859985382829262
5.285285285285285 1.014027263343662 0.9859727366563344
5.295295295295295 1.014051844611957 0.9859481553880394
5.305305305305305 1.0140752109779445 0.9859247890220524
5.315315315315315 1.0140973715675685 0.9859026284324286
5.325325325325325 1.0141183391441553 0.985881660855842
5.335335335335335 1.014138130065012 0.9858618699349851
5.345345345345346 1.014156764227355 0.9858432357726434
5.355355355355355 1.0141742650037424 0.985825734996256
5.365365365365365 1.0141906591672423 0.9858093408327572
5.375375375375375 1.0142059768065592 0.9857940231934407
5.385385385385385 1.014220251231412 0.9857797487685882
5.395395395395396 1.01423351886845 0.9857664811315502
5.405405405405405 1.0142458191480426 0.9857541808519575
5.415415415415415 1.0142571943822964 0.9857428056177039
5.425425425425425 1.0142676896346745 0.9857323103653257
5.435435435435435 1.0142773525816267 0.985722647418374
5.445445445445446 1.0142862333666502 0.9857137666333515
5.455455455455455 1.0142943844472307 0.9857056155527711
5.465465465465465 1.0143018604351308 0.9856981395648707
5.475475475475475 1.0143087179305061 0.9856912820694954
5.485485485485485 1.0143150153503535 0.9856849846496478
5.495495495495496 1.0143208127518082 0.9856791872481937
5.505505505505505 1.014326171650819 0.9856738283491833
5.515515515515515 1.0143311548367475 0.9856688451632549
5.525525525525525 1.01433582618344 0.9856641738165624
5.535535535535535 1.014340250457341 0.9856597495426613
5.545545545545546 1.0143444931232122 0.9856555068767907
5.555555555555555 1.0143486201480365 0.9856513798519659
5.565565565565565 1.014352697803689 0.9856473021963137
5.575575575575575 1.0143567924689498 0.9856432075310531
5.585585585585585 1.0143609704314491 0.9856390295685533
5.595595595595596 1.0143652976901243 0.9856347023098779
5.605605605605605 1.014369839758765 0.9856301602412377
5.615615615615615 1.014374661471225 0.9856253385287778
5.625625625625625 1.0143798267888713 0.9856201732111322
5.635635635635635 1.0143853986108244 0.9856146013891787
5.645645645645646 1.0143914385875537 0.9856085614124495
5.655655655655655 1.014398006938356 0.9856019930616472
5.665665665665665 1.0144051622732597 0.9855948377267436
5.675675675675675 1.0144129614198594 0.9855870385801434
5.685685685685685 1.0144214592555911 0.9855785407444118
5.695695695695696 1.0144307085459212 0.9855692914540819
5.7057057057057055 1.0144407597889256 0.9855592402110774
5.7157157157157155 1.0144516610666998 0.9855483389333033
5.7257257257257255 1.0144634579040264 0.9855365420959763
5.7357357357357355 1.0144761931347077 0.9855238068652953
5.745745745745746 1.014489906775941 0.9855100932240617
5.7557557557557555 1.0145046359111012 0.9854953640889017
5.7657657657657655 1.0145204145812552 0.9854795854187471
5.7757757757757755 1.0145372736857268 0.9854627263142749
5.7857857857857855 1.0145552408919825 0.9854447591080195
5.795795795795796 1.0145743405550982 0.9854256594449038
5.8058058058058055 1.0145945936470349 0.9854054063529664
5.8158158158158155 1.014616017695916 0.9853839823040856
5.8258258258258255 1.0146386267354748 0.9853613732645278
5.8358358358358355 1.0146624312648167 0.9853375687351864
5.845845845845846 1.0146874382186009 0.9853125617814027
5.8558558558558556 1.0147136509477213 0.9852863490522829
5.865865865865866 1.0147410692105363 0.9852589307894684
5.875875875875876 1.0147696891746656 0.9852303108253395
5.885885885885886 1.014799503429343 0.9852004965706624
5.8958958958958965 1.0148305010082819 0.9851694989917245
5.905905905905906 1.014862667422979 0.9851373325770272
5.915915915915916 1.0148959847063632 0.9851040152936436
5.925925925925926 1.0149304314666419 0.9850695685333656
5.935935935935936 1.0149659829511974 0.9850340170488091
5.9459459459459465 1.0150026111203423 0.9849973888796646
5.955955955955956 1.0150402847307014 0.9849597152693058
5.965965965965966 1.0150789694279945 0.9849210305720125
5.975975975975976 1.015118627848936 0.9848813721510716
5.9859859859859865 1.0151592197319501 0.9848407802680588
5.9959959959959965 1.0152007020363873 0.9847992979636218
6.006006006006006 1.0152430290698902 0.9847569709301195
6.016016016016016 1.0152861526235304 0.9847138473764796
6.026026026026026 1.0153300221143353 0.9846699778856749
6.036036036036037 1.0153745847347802 0.984625415265231
6.046046046046047 1.0154197856088145 0.9845802143911971
6.056056056056056 1.0154655679539706 0.9845344320460403
6.066066066066066 1.0155118732490833 0.9844881267509272
6.076076076076076 1.0155586414071294 0.9844413585928815
6.086086086086087 1.0156058109526904 0.9843941890473203
6.096096096096097 1.0156533192035249 0.9843466807964861
6.106106106106106 1.0157011024557163 0.9842988975442952
6.116116116116116 1.015749096171867 0.9842509038281452
6.126126126126126 1.0157972351717879 0.9842027648282248
6.136136136136137 1.0158454538251318 0.9841545461748804
6.146146146146147 1.0158936862454135 0.9841063137545986
6.156156156156156 1.0159418664848465 0.9840581335151659
6.166166166166166 1.0159899287294398 0.9840100712705738
6.176176176176176 1.01603780749378 0.9839621925062347
6.186186186186187 1.016085437814937 0.9839145621850774
6.196196196196197 1.0161327554449302 0.9838672445550841
6.206206206206206 1.0161796970411867 0.983820302958827
6.216216216216216 1.0162262003544478 0.9837737996455655
6.226226226226226 1.0162722044135664 0.9837277955864462
6.236236236236237 1.0163176497066633 0.9836823502933489
6.246246246246247 1.016362478358106 0.9836375216419064
6.256256256256256 1.0164066343007963 0.9835933656992161
6.266266266266266 1.0164500634432627 0.9835499365567494
6.276276276276276 1.0164927138310635 0.9835072861689482
6.286286286286287 1.0165345358020275 0.9834654641979845
6.296296296296297 1.0165754821348756 0.9834245178651356
6.306306306306306 1.0166155081907864 0.9833844918092247
6.316316316316316 1.0166545720474802 0.9833454279525312
6.326326326326326 1.0166926346254312 0.9833073653745801
6.336336336336337 1.0167296598058275 0.9832703401941836
6.346346346346347 1.016765614539929 0.9832343854600825
6.356356356356356 1.016800468949491 0.983199531050521
6.366366366366366 1.0168341964179555 0.9831658035820561
6.376376376376376 1.0168667736721346 0.9831332263278776
6.386386386386387 1.0168981808541258 0.9831018191458866
6.396396396396397 1.016928401583253 0.9830715984167587
6.406406406406406 1.0169574230078293 0.9830425769921826
6.416416416416416 1.0169852358465783 0.9830147641534338
6.426426426426426 1.0170118344195846 0.9829881655804276
6.436436436436437 1.0170372166686654 0.982962783331347
6.446446446446447 1.0170613841670881 0.982938615832925
6.456456456456456 1.0170843421185938 0.9829156578814193
6.466466466466466 1.0171060993457128 0.9828939006543004
6.476476476476476 1.0171266682673907 0.982873331732623
6.486486486486487 1.0171460648659725 0.9828539351340415
6.496496496496497 1.0171643086436308 0.9828356913563832
6.506506506506506 1.0171814225683447 0.9828185774316693
6.516516516516516 1.0171974330095717 0.9828025669904421
6.526526526526526 1.017212369663787 0.9827876303362268
6.536536536536537 1.0172262654700903 0.9827737345299236
6.546546546546547 1.0172391565161123 0.9827608434839022
6.556556556556556 1.0172510819344784 0.9827489180655358
6.566566566566566 1.0172620837901238 0.9827379162098907
6.576576576576577 1.0172722069587654 0.9827277930412498
6.586586586586587 1.01728149899688 0.9827185010031354
6.596596596596597 1.0172900100035553 0.9827099899964605
6.606606606606606 1.0172977924746007 0.9827022075254159
6.616616616616616 1.0173049011493367 0.9826950988506798
6.626626626626627 1.0173113928505009 0.9826886071495156
6.636636636636637 1.017317326317727 0.9826826736822897
6.646646646646647 1.0173227620350755 0.9826772379649409
6.656656656656656 1.0173277620531167 0.9826722379469002
6.666666666666666 1.0173323898060733 0.9826676101939433
6.676676676676677 1.017336709924562 0.9826632900754545
6.686686686686687 1.0173407880444691 0.9826592119555475
6.696696696696697 1.0173446906125212 0.9826553093874947
6.706706706706706 1.017348484689122 0.9826515153108929
6.716716716716716 1.017352237749026 0.9826477622509884
6.726726726726727 1.0173560174804386 0.9826439825195757
6.736736736736737 1.017359891583133 0.9826401084168813
6.746746746746747 1.0173639275661817 0.9826360724338328
6.756756756756756 1.0173681925458975 0.9826318074541168
6.766766766766766 1.0173727530445862 0.9826272469554282
6.776776776776777 1.01737767479071 0.9826223252093047
6.786786786786787 1.017383022521054 0.9826169774789602
6.796796796796797 1.0173888597854954 0.9826111402145177
6.806806806806806 1.0173952487549531 0.9826047512450592
6.816816816816816 1.017402250033099 0.9825977499669127
6.826826826826827 1.0174099224724014 0.9825900775276097
6.836836836836837 1.0174183229950562 0.982581677004955
6.846846846846847 1.0174275064193488 0.9825724935806625
6.856856856856856 1.0174375252919787 0.9825624747080318
6.866866866866866 1.0174484297268616 0.9825515702731487
6.876876876876877 1.0174602672508988 0.982539732749111
6.886886886886887 1.017473082657198 0.9825269173428112
6.896896896896897 1.0174869178661972 0.9825130821338112
6.906906906906906 1.0175018117951242 0.9824981882048832
6.916916916916916 1.0175178002362069 0.9824821997638001
6.926926926926927 1.0175349157440103 0.9824650842559963
6.936936936936937 1.0175531875322714 0.982446812467735
6.946946946946947 1.017572641380552 0.9824273586194536
6.956956956956956 1.0175932995510217 0.9824067004489829
6.966966966966966 1.0176151807156382 0.9823848192843657
6.976976976976977 1.0176382998939733 0.9823617001060306
6.986986986986987 1.0176626684018935 0.9823373315981099
6.996996996996997 1.0176882938112812 0.9823117061887223
7.007007007007006 1.0177151799209363 0.9822848200790676
7.017017017017016 1.0177433267387812 0.9822566732612229
7.027027027027027 1.0177727304754463 0.9822272695245589
7.037037037037037 1.0178033835492806 0.9821966164507244
7.047047047047047 1.0178352746028108 0.9821647253971947
7.057057057057056 1.0178683885306132 0.9821316114693928
7.067067067067066 1.0179027065185542 0.9820972934814513
7.077077077077077 1.0179382060943056 0.9820617939056999
7.087087087087087 1.0179748611890056 0.9820251388109997
7.097097097097097 1.0180126422099152 0.9819873577900905
7.107107107107106 1.0180515161238703 0.9819484838761359
7.117117117117116 1.0180914465513091 0.9819085534486971
7.127127127127127 1.018132393870614 0.981867606129393
7.137137137137137 1.018174315332476 0.9818256846675307
7.147147147147147 1.0182171651839687 0.9817828348160388
7.157157157157156 1.0182608948019645 0.981739105198043
7.167167167167166 1.01830545283553 0.981694547164477
7.177177177177177 1.0183507853568765 0.9816492146431306
7.187187187187187 1.0183968360204338 0.9816031639795731
7.197197197197197 1.0184435462295864 0.9815564537704198
7.207207207207206 1.018490855310582 0.9815091446894243
7.217217217217218 1.0185387006930982 0.9814612993069083
7.227227227227227 1.018587018096941 0.9814129819030656
7.237237237237237 1.018635741724317 0.9813642582756901
7.247247247247247 1.0186848044571089 0.9813151955428987
7.2572572572572565 1.0187341380585635 0.9812658619414436
7.267267267267268 1.018783673378794 0.9812163266212127
7.277277277277277 1.0188333405634695 0.9811666594365376
7.287287287287287 1.0188830692650688 0.9811169307349384
7.297297297297297 1.0189327888560604 0.9810672111439462
7.3073073073073065 1.0189824286433589 0.9810175713566479
7.317317317317318 1.0190319180834015 0.9809680819166053
7.327327327327327 1.0190811869971994 0.9809188130028071
7.337337337337337 1.0191301657846932 0.9808698342153138
7.347347347347347 1.0191787856377614 0.980821214362245
7.3573573573573565 1.0192269787512283 0.9807730212487785
7.367367367367368 1.019274678531207 0.9807253214687995
7.377377377377377 1.0193218198001515 0.9806781801998544
7.387387387387387 1.0193683389979626 0.9806316610020428
7.397397397397397 1.0194141743785312 0.9805858256214732
7.4074074074074066 1.0194592662011042 0.9805407337989003
7.417417417417418 1.0195035569158655 0.9804964430841383
7.4274274274274275 1.0195469913431596 0.9804530086568439
7.4374374374374375 1.0195895168457807 0.9804104831542224
7.4474474474474475 1.0196310834937874 0.9803689165062157
7.457457457457457 1.019671644221318 0.980328355778684
7.467467467467468 1.019711154974905 0.9802888450250968
7.4774774774774775 1.0197495748528087 0.9802504251471933
7.4874874874874875 1.0197868662349259 0.9802131337650758
7.4974974974974975 1.0198229949028508 0.98017700509715
7.507507507507507 1.0198579301496942 0.9801420698503063
7.517517517517518 1.0198916448792974 0.9801083551207026
7.5275275275275275 1.0199241156945185 0.980075884305481
7.5375375375375375 1.019955322974289 0.9800446770257101
7.5475475475475475 1.0199852509391796 0.9800147490608188
7.557557557557557 1.0200138877052505 0.9799861122947475
7.567567567567568 1.0200412253259918 0.9799587746740056
7.5775775775775776 1.0200672598222036 0.9799327401777933
7.587587587587588 1.0200919911996937 0.9799080088003029
7.597597597597598 1.0201154234547198 0.9798845765452779
7.607607607607607 1.020137564567125 0.979862435432873
7.6176176176176185 1.0201584264811774 0.9798415735188206
7.627627627627628 1.020178025074137 0.9798219749258616
7.637637637637638 1.020196380112627 0.9798036198873724
7.647647647647648 1.0202135151969256 0.9797864848030732
7.657657657657657 1.0202294576933273 0.979770542306671
7.6676676676676685 1.0202442386547559 0.9797557613452428
7.677677677677678 1.0202578927298604 0.9797421072701381
7.687687687687688 1.0202704580608573 0.9797295419391413
7.697697697697698 1.02028197617041 0.979718023829589
7.707707707707707 1.0202924918378833 0.9797075081621162
7.7177177177177185 1.0203020529653402 0.97969794703466
7.727727727727728 1.0203107104336762 0.9796892895663238
7.737737737737738 1.0203185179493315 0.979681482050669
7.747747747747748 1.0203255318820317 0.9796744681179692
7.757757757757757 1.0203318110940602 0.9796681889059403
7.767767767767769 1.0203374167615746 0.9796625832384255
7.777777777777778 1.020342412188514 0.979657587811486
7.787787787787788 1.020346862613667 0.9796531373863335
7.797797797797798 1.0203508350114934 0.9796491649885073
7.807807807807807 1.020354397887314 0.9796456021126874
7.817817817817819 1.0203576210674963 0.9796423789325046
7.827827827827828 1.0203605754852922 0.979639424514709
7.837837837837838 1.0203633329629835 0.9796366670370178
7.847847847847848 1.0203659659910198 0.9796340340089813
7.857857857857859 1.0203685475048325 0.979631452495168
7.867867867867869 1.0203711506600217 0.9796288493399783
7.877877877877878 1.0203738486066198 0.9796261513933815
7.887887887887888 1.0203767142631321 0.9796232857368689
7.897897897897898 1.0203798200910796 0.9796201799089215
7.907907907907909 1.0203832378707283 0.9796167621292728
7.917917917917919 1.0203870384787308 0.9796129615212699
7.927927927927928 1.0203912916683704 0.9796087083316299
7.937937937937938 1.020396065853102 0.9796039341468986
7.947947947947948 1.020401427894076 0.9795985721059244
7.957957957957959 1.020407442892317 0.9795925571076829
7.967967967967969 1.0204141739862131 0.9795858260137863
7.977977977977978 1.0204216821549599 0.979578317845039
7.987987987987988 1.0204300260285841 0.9795699739714147
7.997997997997998 1.0204392617051488 0.9795607382948498
8.008008008008009 1.0204494425757242 0.9795505574242742
8.018018018018019 1.0204606191576817 0.9795393808423163
8.028028028028029 1.0204728389368416 0.9795271610631555
8.038038038038039 1.0204861462189827 0.979513853781014
8.048048048048047 1.0205005819911839 0.9794994180088127
8.058058058058059 1.0205161837934473 0.9794838162065489
8.068068068068069 1.020532985601014 0.9794670143989824
8.078078078078079 1.0205510177177475 0.9794489822822485
8.088088088088089 1.0205703066809346 0.9794296933190613
8.098098098098097 1.0205908751778041 0.9794091248221918
8.108108108108109 1.0206127419740407 0.9793872580259543
8.118118118118119 1.0206359218545218 0.9793640781454722
8.128128128128129 1.0206604255764726 0.9793395744235209
8.138138138138139 1.0206862598351925 0.9793137401648003
8.148148148148147 1.0207134272424683 0.9792865727575237
8.158158158158159 1.0207419263177473 0.9792580736822443
8.168168168168169 1.0207717514921009 0.97922824850789
8.178178178178179 1.0208028931249753 0.9791971068750157
8.188188188188189 1.0208353375336752 0.9791646624663163
8.198198198198197 1.0208690670354938 0.9791309329644977
8.208208208208209 1.0209040600023611 0.9790959399976306
8.218218218218219 1.0209402909278338 0.9790597090721589
8.228228228228229 1.0209777305062213 0.9790222694937709
8.238238238238239 1.0210163457236048 0.9789836542763881
8.248248248248247 1.0210560999604463 0.9789439000395468
8.258258258258259 1.0210969531054834 0.9789030468945102
8.268268268268269 1.0211388616805332 0.97886113831946
8.278278278278279 1.0211817789758229 0.9788182210241706
8.288288288288289 1.0212256551954064 0.9787743448045875
8.298298298298297 1.0212704376122161 0.9787295623877783
8.308308308308309 1.021316070732251 0.9786839292677437
8.318318318318319 1.0213624964673824 0.9786375035326121
8.328328328328329 1.0214096543162283 0.9785903456837666
8.338338338338339 1.0214574815525195 0.9785425184474755
8.348348348348347 1.0215059134203617 0.9784940865796334
8.358358358358359 1.021554883335771 0.9784451166642247
8.368368368368369 1.0216043230938423 0.9783956769061536
8.378378378378379 1.0216541630808933 0.9783458369191025
8.388388388388389 1.0217043324909083 0.978295667509087
8.398398398398397 1.0217547595455954 0.9782452404543993
8.408408408408409 1.0218053717173574 0.978194628282638
8.418418418418419 1.0218560959544662 0.9781439040455289
8.428428428428429 1.0219068589077334 0.9780931410922611
8.438438438438439 1.0219575871579494 0.9780424128420455
8.448448448448449 1.0220082074433723 0.9779917925566228
8.458458458458459 1.0220586468865516 0.9779413531134435
8.468468468468469 1.0221088332197614 0.9778911667802339
8.478478478478479 1.0221586950083341 0.9778413049916614
8.488488488488489 1.0222081618711876 0.9777918381288081
8.498498498498499 1.0222571646978516 0.977742835302144
8.508508508508509 1.0223056358613074 0.9776943641386883
8.518518518518519 1.0223535094259724 0.9776464905740234
8.528528528528529 1.022400721350175 0.9775992786498203
8.538538538538539 1.022447209682487 0.9775527903175085
8.548548548548549 1.0224929147512947 0.9775070852487011
8.558558558558559 1.0225377793470207 0.9774622206529751
8.568568568568569 1.022581748896428 0.9774182511035681
8.578578578578579 1.022624771628461 0.9773752283715347
8.588588588588589 1.0226667987311175 0.9773332012688783
8.598598598598599 1.0227077844988575 0.9772922155011384
8.608608608608609 1.0227476864701055 0.9772523135298905
8.618618618618619 1.02278646555442 0.9772135344455759
8.62862862862863 1.022824086148947 0.977175913851049
8.63863863863864 1.0228605162438016 0.9771394837561939
8.64864864864865 1.0228957275160697 0.9771042724839263
8.65865865865866 1.022929695412143 0.9770703045878526
8.66866866866867 1.0229623992181545 0.97703760078184
8.67867867867868 1.022993822118311 0.9770061778816831
8.68868868868869 1.0230239512409547 0.9769760487590388
8.6986986986987 1.0230527776922416 0.976947222307752
8.70870870870871 1.0230802965773445 0.9769197034226486
8.71871871871872 1.0231065070091465 0.9768934929908453
8.72872872872873 1.0231314121044184 0.9768685878955737
8.73873873873874 1.0231550189675147 0.976844981032478
8.74874874874875 1.023177338661677 0.9768226613383155
8.75875875875876 1.0231983861680536 0.9768016138319382
8.76876876876877 1.0232181803325955 0.9767818196673952
8.77877877877878 1.023236743801024 0.9767632561989663
8.78878878878879 1.0232541029421012 0.9767458970578893
8.7987987987988 1.0232702877594786 0.9767297122405117
8.80880880880881 1.0232853317924258 0.976714668207565
8.81881881881882 1.0232992720057794 0.976700727994212
8.82882882882883 1.0233121486694916 0.9766878513305006
8.83883883883884 1.0233240052281796 0.9766759947718129
8.84884884884885 1.0233348881611193 0.9766651118388741
8.85885885885886 1.023344846833144 0.9766551531668495
8.86886886886887 1.0233539333369515 0.9766460666630431
8.87887887887888 1.0233622023273283 0.9766377976726662
8.88888888888889 1.0233697108478523 0.9766302891521419
8.8988988988989 1.0233765181506251 0.9766234818493689
8.90890890890891 1.0233826855096337 0.9766173144903612
8.91891891891892 1.0233882760283397 0.9766117239716555
8.92892892892893 1.0233933544421292 0.9766066455578665
8.93893893893894 1.0233979869162488 0.9766020130837475
8.94894894894895 1.023402240839885 0.9765977591601114
8.95895895895896 1.023406184617045 0.9765938153829519
8.96896896896897 1.0234098874549036 0.9765901125450934
8.97897897897898 1.0234134191502924 0.9765865808497045
8.98898898898899 1.0234168498750071 0.9765831501249898
8.998998998999 1.0234202499606069 0.9765797500393902
9.00900900900901 1.0234236896833884 0.9765763103166093
9.01901901901902 1.0234272390502033 0.9765727609497953
9.02902902902903 1.0234309675857882 0.9765690324142111
9.03903903903904 1.02343494412227 0.9765650558777295
9.04904904904905 1.023439236591494 0.9765607634085052
9.05905905905906 1.0234439118208158 0.9765560881791837
9.06906906906907 1.023449035332982 0.9765509646670182
9.07907907907908 1.023454671150708 0.9765453288492918
9.08908908908909 1.0234608816065505 0.9765391183934496
9.0990990990991 1.023467727158637 0.9765322728413632
9.10910910910911 1.0234752662128146 0.9765247337871863
9.11911911911912 1.0234835549517376 0.9765164450482633
9.12912912912913 1.0234926471714063 0.9765073528285952
9.13913913913914 1.0235025941256244 0.9764974058743772
9.14914914914915 1.023513444378838 0.976486555621164
9.15915915915916 1.0235252436677644 0.9764747563322373
9.16916916916917 1.023538034772215 0.9764619652277862
9.17917917917918 1.023551857395464 0.9764481426045368
9.18918918918919 1.0235667480544952 0.9764332519455062
9.1991991991992 1.023582739980421 0.9764172600195802
9.20920920920921 1.02359986302934 0.9764001369706612
9.21921921921922 1.0236181436038532 0.9763818563961479
9.22922922922923 1.0236376045854383 0.9763623954145628
9.23923923923924 1.0236582652778343 0.9763417347221672
9.24924924924925 1.0236801413615628 0.9763198586384394
9.25925925925926 1.0237032448596668 0.9762967551403352
9.26926926926927 1.0237275841147246 0.9762724158852779
9.27927927927928 1.0237531637771413 0.9762468362228607
9.28928928928929 1.0237799848047113 0.9762200151952899
9.2992992992993 1.0238080444733824 0.9761919555266191
9.30930930930931 1.023837336399136 0.9761626636008657
9.31931931931932 1.0238678505708592 0.9761321494291421
9.32932932932933 1.0238995733940455 0.976100426605955
9.33933933933934 1.0239324877451337 0.976067512254867
9.34934934934935 1.0239665730362568 0.9760334269637433
9.35935935935936 1.0240018052901536 0.9759981947098457
9.36936936936937 1.0240381572249475 0.9759618427750514
9.37937937937938 1.0240755983484822 0.9759244016515167
9.38938938938939 1.024114095061872 0.9758859049381275
9.3993993993994 1.0241536107718952 0.9758463892281046
9.40940940940941 1.0241941060118407 0.9758058939881599
9.41941941941942 1.0242355385703823 0.975764461429619
9.42942942942943 1.0242778636280487 0.9757221363719534
9.43943943943944 1.024321033900824 0.9756789660991787
9.44944944944945 1.0243649997903987 0.9756350002096044
9.45945945945946 1.0244097095405782 0.9755902904594249
9.46946946946947 1.024455109399333 0.9755448906006711
9.47947947947948 1.0245011437859635 0.9754988562140404
9.48948948948949 1.0245477554628475 0.9754522445371571
9.4994994994995 1.0245948857112146 0.9754051142887911
9.50950950950951 1.0246424745103937 0.9753575254896121
9.51951951951952 1.0246904607199756 0.9753095392800311
9.52952952952953 1.0247387822643117 0.9752612177356953
9.53953953953954 1.0247873763187896 0.9752126236812179
9.54954954954955 1.0248361794973053 0.9751638205027024
9.55955955955956 1.0248851280403668 0.9751148719596406
9.56956956956957 1.0249341580032576 0.97506584199675
9.57957957957958 1.0249832054436963 0.975016794556312
9.58958958958959 1.025032206608434 0.9749677933915744
9.5995995995996 1.025081098118245 0.9749189018817639
9.60960960960961 1.025129817150758 0.9748701828492519
9.61961961961962 1.0251783016206106 0.974821698379399
9.62962962962963 1.0252264903564052 0.9747735096436052
9.63963963963964 1.0252743232739563 0.974725676726054
9.64964964964965 1.0253217415453566 0.9746782584546546
9.65965965965966 1.025368687763374 0.9746313122366371
9.66966966966967 1.025415106100744 0.9745848938992678
9.67967967967968 1.0254609424639067 0.9745390575361056
9.68968968968969 1.0255061446407927 0.9744938553592204
9.6996996996997 1.0255506624422526 0.9744493375577599
9.70970970970971 1.0255944478367738 0.9744055521632389
9.71971971971972 1.0256374550781262 0.974362544921886
9.72972972972973 1.0256796408256303 0.9743203591743824
9.73973973973974 1.0257209642567386 0.9742790357432742
9.74974974974975 1.025761387171671 0.9742386128283415
9.75975975975976 1.0258008740898537 0.9741991259101594
9.76976976976977 1.0258393923379432 0.9741606076620705
9.77977977977978 1.0258769121292521 0.9741230878707612
9.78978978978979 1.025913406634407 0.9740865933656063
9.7997997997998 1.0259488520431037 0.97405114795691
9.80980980980981 1.025983227616853 0.9740167723831609
9.81981981981982 1.0260165157326369 0.9739834842673764
9.82982982982983 1.0260487019174225 0.9739512980825911
9.83983983983984 1.0260797748735002 0.9739202251265132
9.84984984984985 1.0261097264946604 0.9738902735053527
9.85985985985986 1.026138551873224 0.9738614481267882
9.86986986986987 1.0261662492979906 0.9738337507020223
9.87987987987988 1.0261928202431727 0.9738071797568401
9.88988988988989 1.0262182693484365 0.9737817306515765
9.8998998998999 1.0262426043901636 0.9737573956098493
9.90990990990991 1.026265836244097 0.9737341637559157
9.91991991991992 1.0262879788395451 0.9737120211604675
9.92992992992993 1.0263090491053406 0.9736909508946723
9.93993993993994 1.0263290669077783 0.9736709330922342
9.94994994994995 1.0263480549807715 0.9736519450192404
9.95995995995996 1.026366038848487 0.9736339611515251
9.96996996996997 1.0263830467407353 0.9736169532592774
9.97997997997998 1.0263991095014173 0.9736008904985956
9.98998998998999 1.0264142604903395 0.9735857395096736
10.0 1.026428535478719 0.9735714645212943
